# This file was generated by Animated Java via MC-Build. It is not recommended to edit this file directly.
$data merge entity $(bone_bone) {transformation: [-0.9987f,0f,-0.0506f,-0.1318f,0f,1f,0f,1.9986f,0.0506f,0f,-0.9987f,0.2886f,0f,0f,0f,1f],start_interpolation: 0,interpolation_duration: 1}
$data merge entity $(bone_head) {transformation: [-0.9987f,0f,-0.0506f,0.0056f,0f,1f,0f,1.4534f,0.0506f,0f,-0.9987f,0f,0f,0f,0f,1f],start_interpolation: 0,interpolation_duration: 1}
$data merge entity $(bone_arm_right) {transformation: [-0.9965f,0.0561f,-0.0621f,-0.291f,0.0737f,0.9397f,-0.3339f,1.3909f,0.0396f,-0.3373f,-0.9406f,0.1147f,0f,0f,0f,1f],start_interpolation: 0,interpolation_duration: 1}
$data merge entity $(bone_arm_left) {transformation: [-0.9301f,0.0477f,-0.3641f,0.3023f,-0.0731f,0.9476f,0.3109f,1.3909f,0.3599f,0.3158f,-0.8779f,-0.1147f,0f,0f,0f,1f],start_interpolation: 0,interpolation_duration: 1}
$data merge entity $(bone_body) {transformation: [-0.9835f,0f,-0.1808f,0.0056f,0f,1f,0f,0.7034f,0.1808f,0f,-0.9835f,0f,0f,0f,0f,1f],start_interpolation: 0,interpolation_duration: 1}
$data merge entity $(bone_leg_left) {transformation: [-0.9998f,-0.011f,0.0165f,0.1306f,-0.0155f,0.9536f,-0.3008f,0.6464f,-0.0124f,-0.301f,-0.9536f,0.0689f,0f,0f,0f,1f],start_interpolation: 0,interpolation_duration: 1}
$data merge entity $(bone_leg_right) {transformation: [-0.9998f,0.0215f,-0.0056f,-0.1194f,0.0168f,0.899f,0.4376f,0.6295f,0.0144f,0.4374f,-0.8991f,-0.0525f,0f,0f,0f,1f],start_interpolation: 0,interpolation_duration: 1}