# This file was generated by Animated Java via MC-Build. It is not recommended to edit this file directly.
$data merge entity $(bone_hair) {transformation: [-1f,0.0026f,0f,-0.0017f,0.0026f,1f,0f,1.4534f,0f,0f,-1f,0f,0f,0f,0f,1f],start_interpolation: 0,interpolation_duration: 1}
$data merge entity $(bone_head) {transformation: [-1f,0.0026f,0f,-0.0017f,0.0026f,1f,0f,1.4534f,0f,0f,-1f,0f,0f,0f,0f,1f],start_interpolation: 0,interpolation_duration: 1}
$data merge entity $(bone_arm_right) {transformation: [-0.9963f,0.0738f,0.0438f,-0.3145f,0.084f,0.9429f,0.3223f,1.3926f,-0.0175f,0.3248f,-0.9456f,-0.0592f,0f,0f,0f,1f],start_interpolation: 0,interpolation_duration: 1}
$data merge entity $(bone_arm_left) {transformation: [-0.9981f,-0.0503f,0.0358f,0.3105f,-0.0592f,0.9444f,-0.3233f,1.3893f,-0.0175f,-0.3248f,-0.9456f,0.0592f,0f,0f,0f,1f],start_interpolation: 0,interpolation_duration: 1}
$data merge entity $(bone_body) {transformation: [-1f,0.0052f,0f,-0.0056f,0.0052f,1f,0f,0.7034f,0f,0f,-1f,0f,0f,0f,0f,1f],start_interpolation: 0,interpolation_duration: 1}
$data merge entity $(bone_leg_left) {transformation: [-0.9991f,0.0422f,0.0049f,0.1194f,0.0401f,0.8982f,0.4377f,0.6295f,0.0141f,0.4375f,-0.8991f,-0.0269f,0f,0f,0f,1f],start_interpolation: 0,interpolation_duration: 1}
$data merge entity $(bone_leg_right) {transformation: [-0.9989f,-0.0473f,0.0001f,-0.1306f,-0.0451f,0.9525f,-0.3012f,0.6464f,0.0142f,-0.3009f,-0.9535f,0.0092f,0f,0f,0f,1f],start_interpolation: 0,interpolation_duration: 1}