# This file was generated by Animated Java via MC-Build. It is not recommended to edit this file directly.
$data merge entity $(bone_qunzi) {transformation: [-1f,-0.0052f,0f,0.0056f,-0.0052f,1f,0f,0.7034f,0f,0f,-1f,0f,0f,0f,0f,1f],start_interpolation: 0,interpolation_duration: 1}
$data merge entity $(bone_hair) {transformation: [-1f,-0.0026f,0f,0.0017f,-0.0026f,1f,0f,1.4534f,0f,0f,-1f,0f,0f,0f,0f,1f],start_interpolation: 0,interpolation_duration: 1}
$data merge entity $(bone_head) {transformation: [-1f,-0.0026f,0f,0.0017f,-0.0026f,1f,0f,1.4534f,0f,0f,-1f,0f,0f,0f,0f,1f],start_interpolation: 0,interpolation_duration: 1}
$data merge entity $(bone_arm_right) {transformation: [-0.9989f,0.0363f,-0.031f,-0.3105f,0.0444f,0.9451f,-0.3238f,1.3893f,0.0175f,-0.3248f,-0.9456f,0.0592f,0f,0f,0f,1f],start_interpolation: 0,interpolation_duration: 1}
$data merge entity $(bone_arm_left) {transformation: [-0.9986f,-0.0416f,-0.0328f,0.3145f,-0.05f,0.9449f,0.3236f,1.3926f,0.0175f,0.3248f,-0.9456f,-0.0592f,0f,0f,0f,1f],start_interpolation: 0,interpolation_duration: 1}
$data merge entity $(bone_body) {transformation: [-1f,-0.0052f,0f,0.0056f,-0.0052f,1f,0f,0.7034f,0f,0f,-1f,0f,0f,0f,0f,1f],start_interpolation: 0,interpolation_duration: 1}
$data merge entity $(bone_leg_left) {transformation: [-0.9989f,0.0473f,-0.0001f,0.1306f,0.0451f,0.9525f,-0.3012f,0.6466f,-0.0142f,-0.3009f,-0.9535f,0.0748f,0f,0f,0f,1f],start_interpolation: 0,interpolation_duration: 1}
$data merge entity $(bone_leg_right) {transformation: [-0.9991f,-0.0422f,-0.0049f,-0.1194f,-0.0401f,0.8982f,0.4377f,0.6289f,-0.0141f,0.4375f,-0.8991f,-0.0511f,0f,0f,0f,1f],start_interpolation: 0,interpolation_duration: 1}