# This file was generated by Animated Java via MC-Build. It is not recommended to edit this file directly.
$data merge entity $(bone_qunzi) {transformation: [-1f,0f,0f,0f,0f,1f,0f,0.7188f,0f,0f,-1f,0f,0f,0f,0f,1f],start_interpolation: 0,interpolation_duration: 1}
$data merge entity $(bone_hair) {transformation: [-1f,0f,0f,0f,0f,1f,0f,1.4688f,0f,0f,-1f,0f,0f,0f,0f,1f],start_interpolation: 0,interpolation_duration: 1}
$data merge entity $(bone_head) {transformation: [-1f,0f,0f,0f,0f,1f,0f,1.4688f,0f,0f,-1f,0f,0f,0f,0f,1f],start_interpolation: 0,interpolation_duration: 1}
$data merge entity $(bone_arm_right) {transformation: [-0.9988f,0.0361f,0.0327f,-0.3125f,0.0451f,0.9391f,0.3405f,1.4063f,-0.0184f,0.3416f,-0.9397f,-0.0625f,0f,0f,0f,1f],start_interpolation: 0,interpolation_duration: 1}
$data merge entity $(bone_arm_left) {transformation: [-0.999f,-0.0316f,0.0311f,0.3125f,-0.0403f,0.9393f,-0.3407f,1.4063f,-0.0184f,-0.3416f,-0.9397f,0.0625f,0f,0f,0f,1f],start_interpolation: 0,interpolation_duration: 1}
$data merge entity $(bone_body) {transformation: [-1f,0f,0f,0f,0f,1f,0f,0.7188f,0f,0f,-1f,0f,0f,0f,0f,1f],start_interpolation: 0,interpolation_duration: 1}
$data merge entity $(bone_leg_left) {transformation: [-0.999f,0.0436f,0f,0.125f,0.041f,0.9388f,0.342f,0.6563f,0.0149f,0.3417f,-0.9397f,-0.0625f,0f,0f,0f,1f],start_interpolation: 0,interpolation_duration: 1}
$data merge entity $(bone_leg_right) {transformation: [-0.999f,-0.0436f,0f,-0.125f,-0.041f,0.9388f,-0.342f,0.6563f,0.0149f,-0.3417f,-0.9397f,0.0625f,0f,0f,0f,1f],start_interpolation: 0,interpolation_duration: 1}