# This file was generated by Animated Java via MC-Build. It is not recommended to edit this file directly.
$data merge entity $(bone_qunzi) {transformation: [-0.9999f,0.0157f,0f,-0.0169f,0.0157f,0.9999f,0f,0.7067f,0f,0f,-1f,0f,0f,0f,0f,1f],start_interpolation: 0,interpolation_duration: 1}
$data merge entity $(bone_hair) {transformation: [-1f,0.0079f,0f,-0.0051f,0.0079f,1f,0f,1.4566f,0f,0f,-1f,0f,0f,0f,0f,1f],start_interpolation: 0,interpolation_duration: 1}
$data merge entity $(bone_head) {transformation: [-1f,0.0079f,0f,-0.0051f,0.0079f,1f,0f,1.4566f,0f,0f,-1f,0f,0f,0f,0f,1f],start_interpolation: 0,interpolation_duration: 1}
$data merge entity $(bone_arm_right) {transformation: [-0.996f,0.0854f,0.0256f,-0.3185f,0.0886f,0.9797f,0.1799f,1.399f,-0.0097f,0.1815f,-0.9833f,-0.0325f,0f,0f,0f,1f],start_interpolation: 0,interpolation_duration: 1}
$data merge entity $(bone_arm_left) {transformation: [-0.9986f,-0.0499f,0.0191f,0.3064f,-0.0525f,0.9821f,-0.1808f,1.3892f,-0.0097f,-0.1815f,-0.9833f,0.0325f,0f,0f,0f,1f],start_interpolation: 0,interpolation_duration: 1}
$data merge entity $(bone_body) {transformation: [-0.9999f,0.0157f,0f,-0.0169f,0.0157f,0.9999f,0f,0.7067f,0f,0f,-1f,0f,0f,0f,0f,1f],start_interpolation: 0,interpolation_duration: 1}
$data merge entity $(bone_leg_left) {transformation: [-0.9991f,0.0402f,0.0128f,0.1083f,0.0415f,0.8797f,0.4737f,0.6625f,0.0077f,0.4738f,-0.8806f,0.0155f,0f,0f,0f,1f],start_interpolation: 0,interpolation_duration: 1}
$data merge entity $(bone_leg_right) {transformation: [-0.9982f,-0.0593f,0.0002f,-0.1419f,-0.0588f,0.9891f,-0.1346f,0.6588f,0.0078f,-0.1344f,-0.9909f,0.0582f,0f,0f,0f,1f],start_interpolation: 0,interpolation_duration: 1}