# This file was generated by Animated Java via MC-Build. It is not recommended to edit this file directly.
$data merge entity $(bone_qunzi) {transformation: [-0.9997f,0.0262f,0f,-0.0169f,0.0262f,0.9997f,0f,0.7603f,0f,0f,-1f,0f,0f,0f,0f,1f],start_interpolation: 0,interpolation_duration: 1}
$data merge entity $(bone_hair) {transformation: [-0.9999f,0.0131f,0f,0.0028f,0.0131f,0.9999f,0f,1.5101f,0f,0f,-1f,0f,0f,0f,0f,1f],start_interpolation: 0,interpolation_duration: 1}
$data merge entity $(bone_head) {transformation: [-0.9999f,0.0131f,0f,0.0028f,0.0131f,0.9999f,0f,1.5101f,0f,0f,-1f,0f,0f,0f,0f,1f],start_interpolation: 0,interpolation_duration: 1}
$data merge entity $(bone_arm_right) {transformation: [-0.9947f,0.0991f,-0.0275f,-0.3113f,0.1024f,0.979f,-0.1761f,1.4558f,0.0094f,-0.1779f,-0.984f,0.0319f,0f,0f,0f,1f],start_interpolation: 0,interpolation_duration: 1}
$data merge entity $(bone_arm_left) {transformation: [-0.9989f,-0.043f,-0.0174f,0.3135f,-0.0454f,0.9831f,0.1773f,1.4394f,0.0094f,0.1779f,-0.984f,-0.0319f,0f,0f,0f,1f],start_interpolation: 0,interpolation_duration: 1}
$data merge entity $(bone_body) {transformation: [-0.9997f,0.0262f,0f,-0.0169f,0.0262f,0.9997f,0f,0.7603f,0f,0f,-1f,0f,0f,0f,0f,1f],start_interpolation: 0,interpolation_duration: 1}
$data merge entity $(bone_leg_left) {transformation: [-0.9991f,0.0411f,0.0063f,0.1087f,0.0409f,0.9986f,-0.0337f,0.7762f,-0.0076f,-0.0335f,-0.9994f,0.0779f,0f,0f,0f,1f],start_interpolation: 0,interpolation_duration: 1}
$data merge entity $(bone_leg_right) {transformation: [-0.9981f,-0.0613f,-0.0029f,-0.1419f,-0.0609f,0.9834f,0.171f,0.6953f,-0.0077f,0.1709f,-0.9853f,-0.0363f,0f,0f,0f,1f],start_interpolation: 0,interpolation_duration: 1}