# This file was generated by Animated Java via MC-Build. It is not recommended to edit this file directly.
$data merge entity $(bone_qunzi) {transformation: [-1f,0.0087f,0f,-0.0056f,0.0087f,1f,0f,0.7326f,0f,0f,-1f,0f,0f,0f,0f,1f],start_interpolation: 0,interpolation_duration: 1}
$data merge entity $(bone_hair) {transformation: [-1f,0.0044f,0f,0.0009f,0.0044f,1f,0f,1.4826f,0f,0f,-1f,0f,0f,0f,0f,1f],start_interpolation: 0,interpolation_duration: 1}
$data merge entity $(bone_head) {transformation: [-1f,0.0044f,0f,0.0009f,0.0044f,1f,0f,1.4826f,0f,0f,-1f,0f,0f,0f,0f,1f],start_interpolation: 0,interpolation_duration: 1}
$data merge entity $(bone_arm_right) {transformation: [-0.998f,0.0532f,-0.0344f,-0.3121f,0.0612f,0.9504f,-0.3051f,1.4228f,0.0165f,-0.3066f,-0.9517f,0.0558f,0f,0f,0f,1f],start_interpolation: 0,interpolation_duration: 1}
$data merge entity $(bone_arm_left) {transformation: [-0.9991f,-0.0321f,-0.0276f,0.3129f,-0.039f,0.9513f,0.3058f,1.4174f,0.0165f,0.3066f,-0.9517f,-0.0558f,0f,0f,0f,1f],start_interpolation: 0,interpolation_duration: 1}
$data merge entity $(bone_body) {transformation: [-1f,0.0087f,0f,-0.0056f,0.0087f,1f,0f,0.7326f,0f,0f,-1f,0f,0f,0f,0f,1f],start_interpolation: 0,interpolation_duration: 1}
$data merge entity $(bone_leg_left) {transformation: [-0.9991f,0.0423f,0.0017f,0.1195f,0.0402f,0.9599f,-0.2774f,0.6914f,-0.0133f,-0.2771f,-0.9607f,0.0654f,0f,0f,0f,1f],start_interpolation: 0,interpolation_duration: 1}
$data merge entity $(bone_leg_right) {transformation: [-0.9988f,-0.0483f,-0.0005f,-0.1306f,-0.0464f,0.9569f,0.2866f,0.6702f,-0.0133f,0.2863f,-0.9581f,-0.0592f,0f,0f,0f,1f],start_interpolation: 0,interpolation_duration: 1}