# This file was generated by Animated Java via MC-Build. It is not recommended to edit this file directly.
$data merge entity $(bone_qunzi) {transformation: [-0.9998f,-0.0175f,0f,0.0112f,-0.0175f,0.9998f,0f,0.7465f,0f,0f,-1f,0f,0f,0f,0f,1f],start_interpolation: 0,interpolation_duration: 1}
$data merge entity $(bone_hair) {transformation: [-1f,-0.0087f,0f,-0.0018f,-0.0087f,1f,0f,1.4963f,0f,0f,-1f,0f,0f,0f,0f,1f],start_interpolation: 0,interpolation_duration: 1}
$data merge entity $(bone_head) {transformation: [-1f,-0.0087f,0f,-0.0018f,-0.0087f,1f,0f,1.4963f,0f,0f,-1f,0f,0f,0f,0f,1f],start_interpolation: 0,interpolation_duration: 1}
$data merge entity $(bone_arm_right) {transformation: [-0.9988f,0.0432f,0.0242f,-0.3132f,0.0478f,0.969f,0.2424f,1.4284f,-0.013f,0.2433f,-0.9699f,-0.0439f,0f,0f,0f,1f],start_interpolation: 0,interpolation_duration: 1}
$data merge entity $(bone_arm_left) {transformation: [-0.9969f,-0.0724f,0.0315f,0.3117f,-0.0779f,0.9673f,-0.2416f,1.4393f,-0.013f,-0.2433f,-0.9699f,0.0439f,0f,0f,0f,1f],start_interpolation: 0,interpolation_duration: 1}
$data merge entity $(bone_body) {transformation: [-0.9998f,-0.0175f,0f,0.0112f,-0.0175f,0.9998f,0f,0.7465f,0f,0f,-1f,0f,0f,0f,0f,1f],start_interpolation: 0,interpolation_duration: 1}
$data merge entity $(bone_leg_left) {transformation: [-0.9985f,0.0551f,0.0021f,0.1362f,0.0542f,0.9719f,0.2289f,0.6825f,0.0105f,0.2287f,-0.9734f,-0.0483f,0f,0f,0f,1f],start_interpolation: 0,interpolation_duration: 1}
$data merge entity $(bone_leg_right) {transformation: [-0.9991f,-0.0417f,-0.0039f,-0.1141f,-0.0405f,0.9862f,-0.1607f,0.7385f,0.0105f,-0.1604f,-0.987f,0.0887f,0f,0f,0f,1f],start_interpolation: 0,interpolation_duration: 1}