# This file was generated by Animated Java via MC-Build. It is not recommended to edit this file directly.
$data merge entity $(bone_hair) {transformation: [-1f,0.0026f,0f,-0.0019f,0.0026f,1f,0f,1.3284f,0f,0f,-1f,0f,0f,0f,0f,1f],start_interpolation: 0,interpolation_duration: 1}
$data merge entity $(bone_head) {transformation: [-1f,0.0026f,0f,-0.0024f,0.0026f,1f,0f,1.1409f,0f,0f,-1f,0f,0f,0f,0f,1f],start_interpolation: 0,interpolation_duration: 1}
$data merge entity $(bone_arm_right) {transformation: [-0.9994f,-0.0339f,0.0069f,-0.3152f,-0.0298f,0.9452f,0.3252f,1.0801f,-0.0175f,0.3248f,-0.9456f,-0.0631f,0f,0f,0f,1f],start_interpolation: 0,interpolation_duration: 1}
$data merge entity $(bone_arm_left) {transformation: [-0.999f,0.0438f,0.0035f,0.3098f,0.0402f,0.9448f,-0.3253f,1.0768f,-0.0175f,-0.3248f,-0.9456f,0.0592f,0f,0f,0f,1f],start_interpolation: 0,interpolation_duration: 1}
$data merge entity $(bone_body) {transformation: [-1f,0.0052f,0f,-0.0056f,0.0052f,1f,0f,0.5159f,0f,0f,-1f,0f,0f,0f,0f,1f],start_interpolation: 0,interpolation_duration: 1}
$data merge entity $(bone_leg_left) {transformation: [-0.9989f,0.0466f,0.0053f,0.1194f,0.0442f,0.898f,0.4378f,0.6295f,0.0156f,0.4376f,-0.899f,-0.0525f,0f,0f,0f,1f],start_interpolation: 0,interpolation_duration: 1}
$data merge entity $(bone_leg_right) {transformation: [-0.9989f,-0.0473f,0.0001f,-0.1306f,-0.0451f,0.9525f,-0.3012f,0.6464f,0.0142f,-0.3009f,-0.9535f,0.0689f,0f,0f,0f,1f],start_interpolation: 0,interpolation_duration: 1}