# This file was generated by Animated Java via MC-Build. It is not recommended to edit this file directly.
$data merge entity $(bone_hair) {transformation: [-0.9999f,0.0131f,0f,-0.0093f,0.0131f,0.9999f,0f,1.3685f,0f,0f,-1f,0f,0f,0f,0f,1f],start_interpolation: 0,interpolation_duration: 1}
$data merge entity $(bone_head) {transformation: [-0.9999f,0.0131f,0f,-0.0118f,0.0131f,0.9999f,0f,1.181f,0f,0f,-1f,0f,0f,0f,0f,1f],start_interpolation: 0,interpolation_duration: 1}
$data merge entity $(bone_arm_right) {transformation: [-0.9994f,0.0346f,0f,-0.3258f,0.0346f,0.9994f,0f,1.1267f,0f,0f,-1f,-0.0281f,0f,0f,0f,1f],start_interpolation: 0,interpolation_duration: 1}
$data merge entity $(bone_arm_left) {transformation: [-0.9998f,0.0178f,0f,0.299f,0.0178f,0.9998f,0f,1.1104f,0f,0f,-1f,0f,0f,0f,0f,1f],start_interpolation: 0,interpolation_duration: 1}
$data merge entity $(bone_body) {transformation: [-0.9997f,0.0262f,0f,-0.0281f,0.0262f,0.9997f,0f,0.5563f,0f,0f,-1f,0f,0f,0f,0f,1f],start_interpolation: 0,interpolation_duration: 1}
$data merge entity $(bone_leg_left) {transformation: [-0.9994f,-0.0313f,0.0142f,0.0969f,-0.0245f,0.938f,0.3458f,0.7578f,-0.0241f,0.3453f,-0.9382f,0.1313f,0f,0f,0f,1f],start_interpolation: 0,interpolation_duration: 1}
$data merge entity $(bone_leg_right) {transformation: [-0.9974f,-0.0715f,0f,-0.1531f,-0.0715f,0.9974f,0f,0.6813f,0f,0f,-1f,0f,0f,0f,0f,1f],start_interpolation: 0,interpolation_duration: 1}