# This file was generated by Animated Java via MC-Build. It is not recommended to edit this file directly.
$data merge entity $(bone_hair) {transformation: [-0.9999f,-0.0105f,0f,0.0074f,-0.0105f,0.9999f,0f,1.3501f,0f,0f,-1f,0f,0f,0f,0f,1f],start_interpolation: 0,interpolation_duration: 1}
$data merge entity $(bone_head) {transformation: [-0.9999f,-0.0105f,0f,0.0094f,-0.0105f,0.9999f,0f,1.1626f,0f,0f,-1f,0f,0f,0f,0f,1f],start_interpolation: 0,interpolation_duration: 1}
$data merge entity $(bone_arm_right) {transformation: [-0.9998f,-0.0202f,-0.0029f,-0.3017f,-0.0199f,0.996f,-0.0868f,1.0935f,0.0046f,-0.0867f,-0.9962f,-0.0099f,0f,0f,0f,1f],start_interpolation: 0,interpolation_duration: 1}
$data merge entity $(bone_arm_left) {transformation: [-0.9997f,-0.0215f,-0.0065f,0.3232f,-0.022f,0.996f,0.0866f,1.1066f,0.0046f,0.0867f,-0.9962f,-0.0155f,0f,0f,0f,1f],start_interpolation: 0,interpolation_duration: 1}
$data merge entity $(bone_body) {transformation: [-0.9998f,-0.0209f,0f,0.0225f,-0.0209f,0.9998f,0f,0.5377f,0f,0f,-1f,0f,0f,0f,0f,1f],start_interpolation: 0,interpolation_duration: 1}
$data merge entity $(bone_leg_left) {transformation: [-0.9978f,0.0669f,-0.0007f,0.1475f,0.0668f,0.9956f,-0.066f,0.6691f,-0.0037f,-0.0659f,-0.9978f,0.0267f,0f,0f,0f,1f],start_interpolation: 0,interpolation_duration: 1}
$data merge entity $(bone_leg_right) {transformation: [-0.9998f,0.0186f,-0.0093f,-0.1025f,0.0129f,0.9066f,0.4219f,0.7122f,0.0163f,0.4217f,-0.9066f,0.0849f,0f,0f,0f,1f],start_interpolation: 0,interpolation_duration: 1}