# This file was generated by Animated Java via MC-Build. It is not recommended to edit this file directly.
$data merge entity $(bone_ear_left) {transformation: [-1f,0f,0f,0.1314f,0f,0.9997f,0.0262f,0.8348f,0f,0.0262f,-0.9997f,0.3962f,0f,0f,0f,1f],start_interpolation: 0,interpolation_duration: 1}
$data merge entity $(bone_ear_right) {transformation: [-1f,0f,0f,-0.1313f,0f,0.9997f,0.0262f,0.8348f,0f,0.0262f,-0.9997f,0.3962f,0f,0f,0f,1f],start_interpolation: 0,interpolation_duration: 1}
$data merge entity $(bone_head) {transformation: [-1f,0f,0f,0f,0f,0.9997f,0.0262f,0.6497f,0f,0.0262f,-0.9997f,0.386f,0f,0f,0f,1f],start_interpolation: 0,interpolation_duration: 1}
$data merge entity $(bone_tail) {transformation: [-1f,0f,0f,0f,0f,0.9997f,0.0262f,0.6375f,0f,0.0262f,-0.9997f,-0.3466f,0f,0f,0f,1f],start_interpolation: 0,interpolation_duration: 1}
$data merge entity $(bone_body) {transformation: [-1f,0f,0f,0f,0f,0.9997f,0.0262f,0.4374f,0f,0.0262f,-0.9997f,0.0115f,0f,0f,0f,1f],start_interpolation: 0,interpolation_duration: 1}
$data merge entity $(bone_leg_left) {transformation: [-1f,0f,0f,0.1875f,0f,0.9483f,-0.3173f,0.2417f,0f,-0.3173f,-0.9483f,0.3189f,0f,0f,0f,1f],start_interpolation: 0,interpolation_duration: 1}
$data merge entity $(bone_leg_right) {transformation: [-1f,0f,0f,-0.1875f,0f,0.9304f,0.3665f,0.2417f,0f,0.3665f,-0.9304f,0.3189f,0f,0f,0f,1f],start_interpolation: 0,interpolation_duration: 1}
$data merge entity $(bone_leg2_left) {transformation: [-1f,0f,0f,0.1875f,0f,0.9997f,0.0262f,0.2548f,0f,0.0262f,-0.9997f,-0.1809f,0f,0f,0f,1f],start_interpolation: 0,interpolation_duration: 1}
$data merge entity $(bone_leg2_right) {transformation: [-1f,0f,0f,-0.1875f,0f,0.9897f,-0.1435f,0.3066f,0f,-0.1435f,-0.9897f,-0.1301f,0f,0f,0f,1f],start_interpolation: 0,interpolation_duration: 1}