# This file was generated by Animated Java via MC-Build. It is not recommended to edit this file directly.
$data merge entity $(bone_ear_left) {transformation: [-1f,0.0093f,0.0027f,0.1314f,0.0094f,0.9994f,0.0322f,0.8368f,-0.0024f,0.0322f,-0.9995f,0.3936f,0f,0f,0f,1f],start_interpolation: 0,interpolation_duration: 1}
$data merge entity $(bone_ear_right) {transformation: [-1f,-0.0093f,-0.0027f,-0.1313f,-0.0094f,0.9994f,0.0322f,0.8368f,0.0024f,0.0322f,-0.9995f,0.3936f,0f,0f,0f,1f],start_interpolation: 0,interpolation_duration: 1}
$data merge entity $(bone_head) {transformation: [-1f,0f,0f,0f,0f,0.9996f,0.0294f,0.6518f,0f,0.0294f,-0.9996f,0.3828f,0f,0f,0f,1f],start_interpolation: 0,interpolation_duration: 1}
$data merge entity $(bone_tail) {transformation: [-1f,0f,0f,0f,0f,0.9998f,0.0213f,0.636f,0f,0.0213f,-0.9998f,-0.3496f,0f,0f,0f,1f],start_interpolation: 0,interpolation_duration: 1}
$data merge entity $(bone_body) {transformation: [-1f,0f,0f,0f,0f,0.9998f,0.0213f,0.4376f,0f,0.0213f,-0.9998f,0.0093f,0f,0f,0f,1f],start_interpolation: 0,interpolation_duration: 1}
$data merge entity $(bone_leg_left) {transformation: [-1f,0f,0f,0.1875f,0f,0.9526f,0.3041f,0.2504f,0f,0.3041f,-0.9526f,0.3202f,0f,0f,0f,1f],start_interpolation: 0,interpolation_duration: 1}
$data merge entity $(bone_leg_right) {transformation: [-1f,0f,0f,-0.1875f,0f,0.9655f,-0.2604f,0.2416f,0f,-0.2604f,-0.9655f,0.3238f,0f,0f,0f,1f],start_interpolation: 0,interpolation_duration: 1}
$data merge entity $(bone_leg2_left) {transformation: [-1f,0f,0f,0.1875f,0f,0.9813f,-0.1925f,0.3002f,0f,-0.1925f,-0.9813f,-0.1229f,0f,0f,0f,1f],start_interpolation: 0,interpolation_duration: 1}
$data merge entity $(bone_leg2_right) {transformation: [-1f,0f,0f,-0.1875f,0f,0.9977f,0.0676f,0.2535f,0f,0.0676f,-0.9977f,-0.193f,0f,0f,0f,1f],start_interpolation: 0,interpolation_duration: 1}