# This file was generated by Animated Java via MC-Build. It is not recommended to edit this file directly.
$data merge entity $(bone_ear_left) {transformation: [-0.9656f,0.1139f,0.2336f,0.1314f,0.1322f,0.9891f,0.0643f,0.8547f,-0.2237f,0.093f,-0.9702f,0.3708f,0f,0f,0f,1f],start_interpolation: 0,interpolation_duration: 1}
$data merge entity $(bone_ear_right) {transformation: [-0.9656f,-0.1139f,-0.2336f,-0.1313f,-0.1322f,0.9891f,0.0643f,0.8547f,0.2237f,0.093f,-0.9702f,0.3708f,0f,0f,0f,1f],start_interpolation: 0,interpolation_duration: 1}
$data merge entity $(bone_head) {transformation: [-1f,0f,0f,0f,0f,0.9983f,0.0578f,0.6701f,0f,0.0578f,-0.9983f,0.3547f,0f,0f,0f,1f],start_interpolation: 0,interpolation_duration: 1}
$data merge entity $(bone_tail) {transformation: [-1f,0f,0f,0f,0f,0.9998f,-0.0213f,0.6231f,0f,-0.0213f,-0.9998f,-0.3764f,0f,0f,0f,1f],start_interpolation: 0,interpolation_duration: 1}
$data merge entity $(bone_body) {transformation: [-1f,0f,0f,0f,0f,0.9998f,-0.0213f,0.4402f,0f,-0.0213f,-0.9998f,-0.0093f,0f,0f,0f,1f],start_interpolation: 0,interpolation_duration: 1}
$data merge entity $(bone_leg_left) {transformation: [-1f,0f,0f,0.1875f,0f,0.9926f,-0.1212f,0.2916f,0f,-0.1212f,-0.9926f,0.3131f,0f,0f,0f,1f],start_interpolation: 0,interpolation_duration: 1}
$data merge entity $(bone_leg_right) {transformation: [-1f,0f,0f,-0.1875f,0f,0.9967f,0.0817f,0.2496f,0f,0.0817f,-0.9967f,0.3137f,0f,0f,0f,1f],start_interpolation: 0,interpolation_duration: 1}
$data merge entity $(bone_leg2_left) {transformation: [-1f,0f,0f,0.1875f,0f,0.9265f,-0.3762f,0.2455f,0f,-0.3762f,-0.9265f,-0.1115f,0f,0f,0f,1f],start_interpolation: 0,interpolation_duration: 1}
$data merge entity $(bone_leg2_right) {transformation: [-1f,0f,0f,-0.1875f,0f,0.9554f,0.2953f,0.2477f,0f,0.2953f,-0.9554f,-0.2127f,0f,0f,0f,1f],start_interpolation: 0,interpolation_duration: 1}