# This file was generated by Animated Java via MC-Build. It is not recommended to edit this file directly.
$data merge entity $(bone_ear_left) {transformation: [-0.9593f,0.1222f,0.2545f,0.1314f,0.1431f,0.9876f,0.065f,0.8568f,-0.2434f,0.0988f,-0.9649f,0.3681f,0f,0f,0f,1f],start_interpolation: 0,interpolation_duration: 1}
$data merge entity $(bone_ear_right) {transformation: [-0.9593f,-0.1222f,-0.2545f,-0.1313f,-0.1431f,0.9876f,0.065f,0.8568f,0.2434f,0.0988f,-0.9649f,0.3681f,0f,0f,0f,1f],start_interpolation: 0,interpolation_duration: 1}
$data merge entity $(bone_head) {transformation: [-1f,0f,0f,0f,0f,0.9981f,0.061f,0.6722f,0f,0.061f,-0.9981f,0.3514f,0f,0f,0f,1f],start_interpolation: 0,interpolation_duration: 1}
$data merge entity $(bone_tail) {transformation: [-1f,0f,0f,0f,0f,0.9997f,-0.0262f,0.6216f,0f,-0.0262f,-0.9997f,-0.3794f,0f,0f,0f,1f],start_interpolation: 0,interpolation_duration: 1}
$data merge entity $(bone_body) {transformation: [-1f,0f,0f,0f,0f,0.9997f,-0.0262f,0.4405f,0f,-0.0262f,-0.9997f,-0.0115f,0f,0f,0f,1f],start_interpolation: 0,interpolation_duration: 1}
$data merge entity $(bone_leg_left) {transformation: [-1f,0f,0f,0.1875f,0f,0.9799f,-0.1994f,0.2958f,0f,-0.1994f,-0.9799f,0.3118f,0f,0f,0f,1f],start_interpolation: 0,interpolation_duration: 1}
$data merge entity $(bone_leg_right) {transformation: [-1f,0f,0f,-0.1875f,0f,0.989f,0.1478f,0.2487f,0f,0.1478f,-0.989f,0.3062f,0f,0f,0f,1f],start_interpolation: 0,interpolation_duration: 1}
$data merge entity $(bone_leg2_left) {transformation: [-1f,0f,0f,0.1875f,0f,0.9231f,-0.3846f,0.2365f,0f,-0.3846f,-0.9231f,-0.1118f,0f,0f,0f,1f],start_interpolation: 0,interpolation_duration: 1}
$data merge entity $(bone_leg2_right) {transformation: [-1f,0f,0f,-0.1875f,0f,0.949f,0.3153f,0.2508f,0f,0.3153f,-0.949f,-0.2109f,0f,0f,0f,1f],start_interpolation: 0,interpolation_duration: 1}