# This file was generated by Animated Java via MC-Build. It is not recommended to edit this file directly.
$data merge entity $(bone_ear_left) {transformation: [-0.9961f,0.0364f,0.0799f,0.1314f,0.0401f,0.9982f,0.0442f,0.8413f,-0.0782f,0.0473f,-0.9958f,0.388f,0f,0f,0f,1f],start_interpolation: 0,interpolation_duration: 1}
$data merge entity $(bone_ear_right) {transformation: [-0.9961f,-0.0364f,-0.0799f,-0.1313f,-0.0401f,0.9982f,0.0442f,0.8413f,0.0782f,0.0473f,-0.9958f,0.388f,0f,0f,0f,1f],start_interpolation: 0,interpolation_duration: 1}
$data merge entity $(bone_head) {transformation: [-1f,0f,0f,0f,0f,0.9993f,0.0365f,0.6563f,0f,0.0365f,-0.9993f,0.3758f,0f,0f,0f,1f],start_interpolation: 0,interpolation_duration: 1}
$data merge entity $(bone_tail) {transformation: [-1f,0f,0f,0f,0f,0.9999f,0.0107f,0.6327f,0f,0.0107f,-0.9999f,-0.3564f,0f,0f,0f,1f],start_interpolation: 0,interpolation_duration: 1}
$data merge entity $(bone_body) {transformation: [-1f,0f,0f,0f,0f,0.9999f,0.0107f,0.4382f,0f,0.0107f,-0.9999f,0.0047f,0f,0f,0f,1f],start_interpolation: 0,interpolation_duration: 1}
$data merge entity $(bone_leg_left) {transformation: [-1f,-0.0027f,0f,0.1875f,-0.0027f,0.9836f,-0.1803f,0.2356f,0.0005f,-0.1803f,-0.9836f,0.3389f,0f,0f,0f,1f],start_interpolation: 0,interpolation_duration: 1}
$data merge entity $(bone_leg_right) {transformation: [-1f,0f,0f,-0.1875f,0f,0.9804f,0.1968f,0.2607f,0f,0.1968f,-0.9804f,0.3178f,0f,0f,0f,1f],start_interpolation: 0,interpolation_duration: 1}
$data merge entity $(bone_leg2_left) {transformation: [-1f,0f,0f,0.1875f,0f,0.9925f,0.1225f,0.2481f,0f,0.1225f,-0.9925f,-0.1993f,0f,0f,0f,1f],start_interpolation: 0,interpolation_duration: 1}
$data merge entity $(bone_leg2_right) {transformation: [-1f,0f,0f,-0.1875f,0f,0.9733f,-0.2294f,0.2865f,0f,-0.2294f,-0.9733f,-0.1201f,0f,0f,0f,1f],start_interpolation: 0,interpolation_duration: 1}