# This file was generated by Animated Java via MC-Build. It is not recommended to edit this file directly.
$data merge entity $(bone_ear_left) {transformation: [-0.9777f,0.0923f,0.1888f,0.1314f,0.1054f,0.9926f,0.0606f,0.8502f,-0.1818f,0.0792f,-0.9801f,0.3765f,0f,0f,0f,1f],start_interpolation: 0,interpolation_duration: 1}
$data merge entity $(bone_ear_right) {transformation: [-0.9777f,-0.0923f,-0.1888f,-0.1313f,-0.1054f,0.9926f,0.0606f,0.8502f,0.1818f,0.0792f,-0.9801f,0.3765f,0f,0f,0f,1f],start_interpolation: 0,interpolation_duration: 1}
$data merge entity $(bone_head) {transformation: [-1f,0f,0f,0f,0f,0.9987f,0.0507f,0.6655f,0f,0.0507f,-0.9987f,0.3618f,0f,0f,0f,1f],start_interpolation: 0,interpolation_duration: 1}
$data merge entity $(bone_tail) {transformation: [-1f,0f,0f,0f,0f,0.9999f,-0.0107f,0.6263f,0f,-0.0107f,-0.9999f,-0.3698f,0f,0f,0f,1f],start_interpolation: 0,interpolation_duration: 1}
$data merge entity $(bone_body) {transformation: [-1f,0f,0f,0f,0f,0.9999f,-0.0107f,0.4394f,0f,-0.0107f,-0.9999f,-0.0047f,0f,0f,0f,1f],start_interpolation: 0,interpolation_duration: 1}
$data merge entity $(bone_leg_left) {transformation: [-1f,0f,0f,0.1875f,0f,0.969f,-0.2472f,0.2821f,0f,-0.2472f,-0.969f,0.3131f,0f,0f,0f,1f],start_interpolation: 0,interpolation_duration: 1}
$data merge entity $(bone_leg_right) {transformation: [-1f,0f,0f,-0.1875f,0f,0.9741f,0.2262f,0.2444f,0f,0.2262f,-0.9741f,0.3078f,0f,0f,0f,1f],start_interpolation: 0,interpolation_duration: 1}
$data merge entity $(bone_leg2_left) {transformation: [-1f,0f,0f,0.1875f,0f,0.983f,-0.1837f,0.2429f,0f,-0.1837f,-0.983f,-0.1192f,0f,0f,0f,1f],start_interpolation: 0,interpolation_duration: 1}
$data merge entity $(bone_leg2_right) {transformation: [-1f,0f,0f,-0.1875f,0f,0.9838f,0.179f,0.2724f,0f,0.179f,-0.9838f,-0.1888f,0f,0f,0f,1f],start_interpolation: 0,interpolation_duration: 1}