# This file was generated by Animated Java via MC-Build. It is not recommended to edit this file directly.
$data merge entity $(bone_ear_left) {transformation: [-0.99f,0.0632f,0.1263f,0.1314f,0.0706f,0.996f,0.0547f,0.8457f,-0.1224f,0.063f,-0.9905f,0.3823f,0f,0f,0f,1f],start_interpolation: 0,interpolation_duration: 1}
$data merge entity $(bone_ear_right) {transformation: [-0.99f,-0.0632f,-0.1263f,-0.1313f,-0.0706f,0.996f,0.0547f,0.8457f,0.1224f,0.063f,-0.9905f,0.3823f,0f,0f,0f,1f],start_interpolation: 0,interpolation_duration: 1}
$data merge entity $(bone_head) {transformation: [-1f,0f,0f,0f,0f,0.999f,0.0436f,0.6608f,0f,0.0436f,-0.999f,0.3688f,0f,0f,0f,1f],start_interpolation: 0,interpolation_duration: 1}
$data merge entity $(bone_tail) {transformation: [-1f,0f,0f,0f,0f,1f,0f,0.6295f,0f,0f,-1f,-0.3631f,0f,0f,0f,1f],start_interpolation: 0,interpolation_duration: 1}
$data merge entity $(bone_body) {transformation: [-1f,0f,0f,0f,0f,1f,0f,0.4388f,0f,0f,-1f,0f,0f,0f,0f,1f],start_interpolation: 0,interpolation_duration: 1}
$data merge entity $(bone_leg_left) {transformation: [-1f,0f,0f,0.1875f,0f,0.9659f,-0.2588f,0.2719f,0f,-0.2588f,-0.9659f,0.3144f,0f,0f,0f,1f],start_interpolation: 0,interpolation_duration: 1}
$data merge entity $(bone_leg_right) {transformation: [-1f,0f,0f,-0.1875f,0f,0.9659f,0.2588f,0.2425f,0f,0.2588f,-0.9659f,0.3106f,0f,0f,0f,1f],start_interpolation: 0,interpolation_duration: 1}
$data merge entity $(bone_leg2_left) {transformation: [-1f,0f,0f,0.1875f,0f,0.9969f,-0.0786f,0.2481f,0f,-0.0786f,-0.9969f,-0.1281f,0f,0f,0f,1f],start_interpolation: 0,interpolation_duration: 1}
$data merge entity $(bone_leg2_right) {transformation: [-1f,0f,0f,-0.1875f,0f,0.9961f,0.0884f,0.2837f,0f,0.0884f,-0.9961f,-0.1744f,0f,0f,0f,1f],start_interpolation: 0,interpolation_duration: 1}