# This file was generated by Animated Java via MC-Build. It is not recommended to edit this file directly.
$data merge entity $(bone_ear_left) {transformation: [-0.9718f,0.0983f,0.2145f,0.1314f,0.1131f,0.9919f,0.0577f,0.8502f,-0.2071f,0.0803f,-0.975f,0.3765f,0f,0f,0f,1f],start_interpolation: 0,interpolation_duration: 1}
$data merge entity $(bone_ear_right) {transformation: [-0.9718f,-0.0983f,-0.2145f,-0.1313f,-0.1131f,0.9919f,0.0577f,0.8502f,0.2071f,0.0803f,-0.975f,0.3765f,0f,0f,0f,1f],start_interpolation: 0,interpolation_duration: 1}
$data merge entity $(bone_head) {transformation: [-1f,0f,0f,0f,0f,0.9987f,0.0507f,0.6655f,0f,0.0507f,-0.9987f,0.3618f,0f,0f,0f,1f],start_interpolation: 0,interpolation_duration: 1}
$data merge entity $(bone_tail) {transformation: [-1f,0f,0f,0f,0f,0.9999f,-0.0107f,0.6263f,0f,-0.0107f,-0.9999f,-0.3698f,0f,0f,0f,1f],start_interpolation: 0,interpolation_duration: 1}
$data merge entity $(bone_body) {transformation: [-1f,0f,0f,0f,0f,0.9999f,-0.0107f,0.4394f,0f,-0.0107f,-0.9999f,-0.0047f,0f,0f,0f,1f],start_interpolation: 0,interpolation_duration: 1}
$data merge entity $(bone_leg_left) {transformation: [-0.9999f,0.0116f,0.0044f,0.1876f,0.0121f,0.985f,0.1721f,0.2354f,-0.0023f,0.1721f,-0.9851f,0.2972f,0f,0f,0f,1f],start_interpolation: 0,interpolation_duration: 1}
$data merge entity $(bone_leg_right) {transformation: [-1f,0f,0f,-0.1875f,0f,0.969f,-0.2472f,0.2811f,0f,-0.2472f,-0.969f,0.3136f,0f,0f,0f,1f],start_interpolation: 0,interpolation_duration: 1}
$data merge entity $(bone_leg2_left) {transformation: [-1f,0f,0f,0.1875f,0f,0.9838f,0.179f,0.2651f,0f,0.179f,-0.9838f,-0.1899f,0f,0f,0f,1f],start_interpolation: 0,interpolation_duration: 1}
$data merge entity $(bone_leg2_right) {transformation: [-1f,0f,0f,-0.1875f,0f,0.9906f,-0.1368f,0.2469f,0f,-0.1368f,-0.9906f,-0.1061f,0f,0f,0f,1f],start_interpolation: 0,interpolation_duration: 1}