# This file was generated by Animated Java via MC-Build. It is not recommended to edit this file directly.
$data merge entity $(bone_ear_left) {transformation: [-0.9994f,-0.0198f,0.0292f,0.0485f,-0.0211f,0.9988f,-0.0447f,0.21f,-0.0282f,-0.0452f,-0.9986f,0.104f,0f,0f,0f,1f],start_interpolation: 0,interpolation_duration: 1}
$data merge entity $(bone_ear_right) {transformation: [-0.9994f,0.0099f,-0.0338f,-0.0485f,0.0211f,0.9367f,-0.3495f,0.21f,0.0282f,-0.3499f,-0.9363f,0.104f,0f,0f,0f,1f],start_interpolation: 0,interpolation_duration: 1}
$data merge entity $(bone_head) {transformation: [-1f,0f,0f,0f,0f,0.9684f,0.2492f,0.1412f,0f,0.2492f,-0.9684f,0.0561f,0f,0f,0f,1f],start_interpolation: 0,interpolation_duration: 1}
$data merge entity $(bone_body) {transformation: [-1f,0f,0f,0f,0f,0.9894f,0.1453f,0.0886f,0f,0.1453f,-0.9894f,-0.0776f,0f,0f,0f,1f],start_interpolation: 0,interpolation_duration: 1}
$data merge entity $(bone_leg1_right) {transformation: [-1f,0f,0f,-0.0562f,0f,0.6765f,0.7364f,0.0732f,0f,0.7364f,-0.6765f,0.0603f,0f,0f,0f,1f],start_interpolation: 0,interpolation_duration: 1}
$data merge entity $(bone_leg1_left) {transformation: [-0.9999f,0.017f,-0.0017f,0.0562f,0.0134f,0.845f,0.5346f,0.0476f,0.0105f,0.5345f,-0.8451f,0.0498f,0f,0f,0f,1f],start_interpolation: 0,interpolation_duration: 1}
$data merge entity $(bone_leg2_left) {transformation: [-1f,0.0057f,-0.0061f,0.075f,0.0024f,0.8959f,0.4443f,0.0752f,0.008f,0.4442f,-0.8959f,-0.0699f,0f,0f,0f,1f],start_interpolation: 0,interpolation_duration: 1}
$data merge entity $(bone_leg2_right) {transformation: [-1f,0.0005f,0.0002f,-0.075f,0.0004f,0.5086f,0.861f,0.081f,0.0003f,0.861f,-0.5086f,-0.0785f,0f,0f,0f,1f],start_interpolation: 0,interpolation_duration: 1}