# This file was generated by Animated Java via MC-Build. It is not recommended to edit this file directly.
$data merge entity $(bone_ear_left) {transformation: [-0.9917f,0.0478f,-0.1197f,0.0485f,0.0789f,0.9596f,-0.2699f,0.2192f,0.102f,-0.2771f,-0.9554f,0.1081f,0f,0f,0f,1f],start_interpolation: 0,interpolation_duration: 1}
$data merge entity $(bone_ear_right) {transformation: [-0.9917f,-0.0255f,0.1264f,-0.0485f,-0.0789f,0.8954f,-0.4381f,0.2192f,-0.102f,-0.4444f,-0.89f,0.1081f,0f,0f,0f,1f],start_interpolation: 0,interpolation_duration: 1}
$data merge entity $(bone_head) {transformation: [-1f,0f,0f,0f,0f,0.9534f,0.3017f,0.1531f,0f,0.3017f,-0.9534f,0.0565f,0f,0f,0f,1f],start_interpolation: 0,interpolation_duration: 1}
$data merge entity $(bone_body) {transformation: [-1f,0f,0f,0f,0f,0.9889f,0.1488f,0.101f,0f,0.1488f,-0.9889f,-0.0773f,0f,0f,0f,1f],start_interpolation: 0,interpolation_duration: 1}
$data merge entity $(bone_leg1_right) {transformation: [-1f,0f,0f,-0.0562f,0f,0.987f,0.1604f,0.0817f,0f,0.1604f,-0.987f,0.0651f,0f,0f,0f,1f],start_interpolation: 0,interpolation_duration: 1}
$data merge entity $(bone_leg1_left) {transformation: [-0.9999f,0.014f,-0.0097f,0.0562f,0.0134f,0.998f,0.061f,0.059f,0.0105f,0.0608f,-0.9981f,0.0609f,0f,0f,0f,1f],start_interpolation: 0,interpolation_duration: 1}
$data merge entity $(bone_leg2_left) {transformation: [-0.9993f,-0.0363f,-0.0106f,0.075f,-0.0108f,0.0047f,0.9999f,0.084f,-0.0363f,0.9993f,-0.0051f,-0.0923f,0f,0f,0f,1f],start_interpolation: 0,interpolation_duration: 1}
$data merge entity $(bone_leg2_right) {transformation: [-1f,-0.0004f,-0.0013f,-0.075f,-0.0012f,-0.2785f,0.9604f,0.0848f,-0.0007f,0.9604f,0.2785f,-0.091f,0f,0f,0f,1f],start_interpolation: 0,interpolation_duration: 1}