# This file was generated by Animated Java via MC-Build. It is not recommended to edit this file directly.
$data merge entity $(bone_ear_left) {transformation: [-1f,0f,0f,0.0485f,0f,0.9969f,-0.0785f,0.2271f,0f,-0.0785f,-0.9969f,0.0996f,0f,0f,0f,1f],start_interpolation: 0,interpolation_duration: 1}
$data merge entity $(bone_ear_right) {transformation: [-1f,0f,0f,-0.0485f,0f,0.9969f,-0.0785f,0.2271f,0f,-0.0785f,-0.9969f,0.0996f,0f,0f,0f,1f],start_interpolation: 0,interpolation_duration: 1}
$data merge entity $(bone_head) {transformation: [-1f,0f,0f,0f,0f,0.984f,0.1779f,0.1549f,0f,0.1779f,-0.984f,0.0568f,0f,0f,0f,1f],start_interpolation: 0,interpolation_duration: 1}
$data merge entity $(bone_body) {transformation: [-1f,0f,0f,0f,0f,0.9856f,0.1693f,0.1056f,0f,0.1693f,-0.9856f,-0.078f,0f,0f,0f,1f],start_interpolation: 0,interpolation_duration: 1}
$data merge entity $(bone_leg1_right) {transformation: [-1f,0f,0f,-0.0562f,0f,-0.5262f,0.8504f,0.0894f,0f,0.8504f,0.5262f,0.0612f,0f,0f,0f,1f],start_interpolation: 0,interpolation_duration: 1}
$data merge entity $(bone_leg1_left) {transformation: [-1f,0f,0f,0.0562f,0f,-0.2672f,0.9636f,0.056f,0f,0.9636f,0.2672f,0.0191f,0f,0f,0f,1f],start_interpolation: 0,interpolation_duration: 1}
$data merge entity $(bone_leg2_left) {transformation: [-1f,0f,0f,0.075f,0f,0.9188f,-0.3947f,0.0779f,0f,-0.3947f,-0.9188f,-0.0558f,0f,0f,0f,1f],start_interpolation: 0,interpolation_duration: 1}
$data merge entity $(bone_leg2_right) {transformation: [-1f,0f,0f,-0.075f,0f,0.9976f,0.0698f,0.095f,0f,0.0698f,-0.9976f,-0.0824f,0f,0f,0f,1f],start_interpolation: 0,interpolation_duration: 1}