# This file was generated by Animated Java via MC-Build. It is not recommended to edit this file directly.
$data merge entity $(bone_ear_left) {transformation: [-0.9958f,0.0015f,-0.0913f,0.0485f,0.0181f,0.9833f,-0.1813f,0.2423f,0.0895f,-0.1821f,-0.9792f,0.0883f,0f,0f,0f,1f],start_interpolation: 0,interpolation_duration: 1}
$data merge entity $(bone_ear_right) {transformation: [-0.9958f,-0.0005f,0.0913f,-0.0485f,-0.0181f,0.9814f,-0.1913f,0.2423f,-0.0895f,-0.1921f,-0.9773f,0.0883f,0f,0f,0f,1f],start_interpolation: 0,interpolation_duration: 1}
$data merge entity $(bone_head) {transformation: [-1f,0f,0f,0f,0f,0.9619f,0.2732f,0.1747f,0f,0.2732f,-0.9619f,0.0387f,0f,0f,0f,1f],start_interpolation: 0,interpolation_duration: 1}
$data merge entity $(bone_body) {transformation: [-1f,0f,0f,0f,0f,0.9996f,0.0284f,0.1068f,0f,0.0284f,-0.9996f,-0.0878f,0f,0f,0f,1f],start_interpolation: 0,interpolation_duration: 1}
$data merge entity $(bone_leg1_right) {transformation: [-1f,0f,0f,-0.0562f,0f,-0.6197f,0.7848f,0.0954f,0f,0.7848f,0.6197f,0.0654f,0f,0f,0f,1f],start_interpolation: 0,interpolation_duration: 1}
$data merge entity $(bone_leg1_left) {transformation: [-1f,0.0001f,-0.0008f,0.0562f,-0.0007f,-0.5729f,0.8196f,0.0737f,-0.0004f,0.8196f,0.5729f,0.0595f,0f,0f,0f,1f],start_interpolation: 0,interpolation_duration: 1}
$data merge entity $(bone_leg2_left) {transformation: [-1f,0.0075f,-0.0038f,0.075f,0.0036f,0.7881f,0.6155f,0.0702f,0.0076f,0.6155f,-0.7881f,-0.0986f,0f,0f,0f,1f],start_interpolation: 0,interpolation_duration: 1}
$data merge entity $(bone_leg2_right) {transformation: [-1f,-0.0028f,-0.0017f,-0.075f,-0.003f,0.5803f,0.8144f,0.0656f,-0.0013f,0.8144f,-0.5803f,-0.1081f,0f,0f,0f,1f],start_interpolation: 0,interpolation_duration: 1}