# This file was generated by Animated Java via MC-Build. It is not recommended to edit this file directly.
$data merge entity $(bone_ear_left) {transformation: [-0.9884f,0f,-0.1521f,0.0485f,0.04f,0.9648f,-0.26f,0.2472f,0.1468f,-0.263f,-0.9536f,0.086f,0f,0f,0f,1f],start_interpolation: 0,interpolation_duration: 1}
$data merge entity $(bone_ear_right) {transformation: [-0.9884f,0f,0.1521f,-0.0485f,-0.04f,0.9648f,-0.26f,0.2472f,-0.1468f,-0.263f,-0.9536f,0.086f,0f,0f,0f,1f],start_interpolation: 0,interpolation_duration: 1}
$data merge entity $(bone_head) {transformation: [-1f,0f,0f,0f,0f,0.9483f,0.3173f,0.182f,0f,0.3173f,-0.9483f,0.0333f,0f,0f,0f,1f],start_interpolation: 0,interpolation_duration: 1}
$data merge entity $(bone_body) {transformation: [-1f,0f,0f,0f,0f,0.9999f,-0.0131f,0.1089f,0f,-0.0131f,-0.9999f,-0.0903f,0f,0f,0f,1f],start_interpolation: 0,interpolation_duration: 1}
$data merge entity $(bone_leg1_right) {transformation: [-1f,0f,0f,-0.0562f,0f,-0.4423f,0.8969f,0.0989f,0f,0.8969f,0.4423f,0.0684f,0f,0f,0f,1f],start_interpolation: 0,interpolation_duration: 1}
$data merge entity $(bone_leg1_left) {transformation: [-1f,0f,0f,0.0562f,0f,-0.4848f,0.8746f,0.0842f,0f,0.8746f,0.4848f,0.0754f,0f,0f,0f,1f],start_interpolation: 0,interpolation_duration: 1}
$data merge entity $(bone_leg2_left) {transformation: [-1f,0f,0f,0.075f,0f,0.2714f,0.9625f,0.0667f,0f,0.9625f,-0.2714f,-0.1163f,0f,0f,0f,1f],start_interpolation: 0,interpolation_duration: 1}
$data merge entity $(bone_leg2_right) {transformation: [-1f,-0.0021f,-0.0041f,-0.075f,-0.0043f,0.1048f,0.9945f,0.0555f,-0.0016f,0.9945f,-0.1048f,-0.1161f,0f,0f,0f,1f],start_interpolation: 0,interpolation_duration: 1}