# This file was generated by Animated Java via MC-Build. It is not recommended to edit this file directly.
$data merge entity $(bone_ear_left) {transformation: [-0.9358f,0.001f,-0.3526f,0.0485f,0.1886f,0.8465f,-0.4979f,0.2535f,0.298f,-0.5324f,-0.7923f,0.1029f,0f,0f,0f,1f],start_interpolation: 0,interpolation_duration: 1}
$data merge entity $(bone_ear_right) {transformation: [-0.9358f,-0.098f,0.3388f,-0.0485f,-0.1886f,0.9508f,-0.2459f,0.2535f,-0.298f,-0.294f,-0.9082f,0.1029f,0f,0f,0f,1f],start_interpolation: 0,interpolation_duration: 1}
$data merge entity $(bone_head) {transformation: [-1f,0f,0f,0f,0f,0.9484f,0.3171f,0.1882f,0f,0.3171f,-0.9484f,0.0502f,0f,0f,0f,1f],start_interpolation: 0,interpolation_duration: 1}
$data merge entity $(bone_body) {transformation: [-1f,0f,0f,0f,0f,0.993f,0.1185f,0.132f,0f,0.1185f,-0.993f,-0.0819f,0f,0f,0f,1f],start_interpolation: 0,interpolation_duration: 1}
$data merge entity $(bone_leg1_right) {transformation: [-1f,0f,0f,-0.0562f,0f,0.577f,0.8167f,0.1102f,0f,0.8167f,-0.577f,0.0726f,0f,0f,0f,1f],start_interpolation: 0,interpolation_duration: 1}
$data merge entity $(bone_leg1_left) {transformation: [-1f,-0.0014f,-0.0008f,0.0562f,-0.0013f,0.4634f,0.8862f,0.0867f,-0.0009f,0.8862f,-0.4634f,0.0559f,0f,0f,0f,1f],start_interpolation: 0,interpolation_duration: 1}
$data merge entity $(bone_leg2_left) {transformation: [-0.9961f,-0.0515f,-0.0715f,0.075f,-0.0304f,-0.5609f,0.8273f,0.0908f,-0.0827f,0.8263f,0.5572f,-0.1171f,0f,0f,0f,1f],start_interpolation: 0,interpolation_duration: 1}
$data merge entity $(bone_leg2_right) {transformation: [-1f,-0.0004f,-0.0051f,-0.075f,-0.0045f,-0.3992f,0.9168f,0.0904f,-0.0024f,0.9168f,0.3992f,-0.1183f,0f,0f,0f,1f],start_interpolation: 0,interpolation_duration: 1}