# This file was generated by Animated Java via MC-Build. It is not recommended to edit this file directly.
$data merge entity $(bone_ear_left) {transformation: [-0.9205f,0f,-0.3907f,0.0485f,0.2273f,0.8134f,-0.5355f,0.2499f,0.3178f,-0.5818f,-0.7487f,0.1099f,0f,0f,0f,1f],start_interpolation: 0,interpolation_duration: 1}
$data merge entity $(bone_ear_right) {transformation: [-0.9205f,-0.124f,0.3705f,-0.0485f,-0.2273f,0.9412f,-0.2498f,0.2499f,-0.3178f,-0.3141f,-0.8946f,0.1099f,0f,0f,0f,1f],start_interpolation: 0,interpolation_duration: 1}
$data merge entity $(bone_head) {transformation: [-1f,0f,0f,0f,0f,0.9515f,0.3078f,0.1841f,0f,0.3078f,-0.9515f,0.0579f,0f,0f,0f,1f],start_interpolation: 0,interpolation_duration: 1}
$data merge entity $(bone_body) {transformation: [-1f,0f,0f,0f,0f,0.984f,0.1779f,0.136f,0f,0.1779f,-0.984f,-0.0774f,0f,0f,0f,1f],start_interpolation: 0,interpolation_duration: 1}
$data merge entity $(bone_leg1_right) {transformation: [-1f,0f,0f,-0.0562f,0f,0.8829f,0.4695f,0.1102f,0f,0.4695f,-0.8829f,0.073f,0f,0f,0f,1f],start_interpolation: 0,interpolation_duration: 1}
$data merge entity $(bone_leg1_left) {transformation: [-1f,0f,0f,0.0562f,0f,0.8216f,0.57f,0.0845f,0f,0.57f,-0.8216f,0.0462f,0f,0f,0f,1f],start_interpolation: 0,interpolation_duration: 1}
$data merge entity $(bone_leg2_left) {transformation: [-0.9936f,-0.0585f,-0.0969f,0.075f,-0.0322f,-0.6743f,0.7377f,0.0992f,-0.1085f,0.7361f,0.6681f,-0.1107f,0f,0f,0f,1f],start_interpolation: 0,interpolation_duration: 1}
$data merge entity $(bone_leg2_right) {transformation: [-1f,-0.0002f,-0.0046f,-0.075f,-0.0039f,-0.4808f,0.8768f,0.1044f,-0.0024f,0.8768f,0.4808f,-0.1128f,0f,0f,0f,1f],start_interpolation: 0,interpolation_duration: 1}