# This file was generated by Animated Java via MC-Build. It is not recommended to edit this file directly.
$data merge entity $(bone_qunzi) {transformation: [-0.9998f,-0.0176f,-0.0006f,0.0522f,-0.0176f,0.9992f,0.0361f,0.7245f,0f,0.0361f,-0.9993f,0f,0f,0f,0f,1f],start_interpolation: 0,interpolation_duration: 1}
$data merge entity $(bone_hair) {transformation: [-0.9981f,-0.0389f,0.0471f,0.039f,-0.0389f,0.9992f,-0.0003f,1.4739f,-0.0471f,-0.0021f,-0.9989f,0.0271f,0f,0f,0f,1f],start_interpolation: 0,interpolation_duration: 1}
$data merge entity $(bone_head) {transformation: [-0.9981f,-0.0389f,0.0471f,0.039f,-0.0389f,0.9992f,-0.0003f,1.4739f,-0.0471f,-0.0021f,-0.9989f,0.0271f,0f,0f,0f,1f],start_interpolation: 0,interpolation_duration: 1}
$data merge entity $(bone_arm_right) {transformation: [-0.9762f,0.1208f,0.1801f,-0.2615f,0.1285f,0.9912f,0.0316f,1.3536f,-0.1747f,0.054f,-0.9831f,0.0066f,0f,0f,0f,1f],start_interpolation: 0,interpolation_duration: 1}
$data merge entity $(bone_arm_left) {transformation: [-0.99f,-0.1159f,-0.0804f,0.3435f,-0.1193f,0.9921f,0.0397f,1.3643f,0.0751f,0.0489f,-0.996f,0.0066f,0f,0f,0f,1f],start_interpolation: 0,interpolation_duration: 1}
$data merge entity $(bone_body) {transformation: [-0.9998f,-0.0176f,-0.0006f,0.0522f,-0.0176f,0.9992f,0.0361f,0.7245f,0f,0.0361f,-0.9993f,0f,0f,0f,0f,1f],start_interpolation: 0,interpolation_duration: 1}
$data merge entity $(bone_leg_left) {transformation: [-0.9941f,-0.0057f,0.1086f,0.1757f,-0.0031f,0.9997f,0.0239f,0.6796f,-0.1087f,0.0234f,-0.9938f,0.0127f,0f,0f,0f,1f],start_interpolation: 0,interpolation_duration: 1}
$data merge entity $(bone_leg_right) {transformation: [-0.9898f,0.1136f,-0.0864f,-0.0708f,0.1138f,0.9935f,0.0021f,0.6777f,0.0861f,-0.0078f,-0.9963f,0f,0f,0f,0f,1f],start_interpolation: 0,interpolation_duration: 1}