# This file was generated by Animated Java via MC-Build. It is not recommended to edit this file directly.
$data merge entity $(bone_qunzi) {transformation: [-0.9998f,-0.018f,-0.0008f,0.0541f,-0.018f,0.9988f,0.0447f,0.7233f,0f,0.0447f,-0.999f,0f,0f,0f,0f,1f],start_interpolation: 0,interpolation_duration: 1}
$data merge entity $(bone_hair) {transformation: [-0.9993f,-0.0276f,0.0247f,0.0406f,-0.0271f,0.9995f,0.0185f,1.4725f,-0.0252f,0.0178f,-0.9995f,0.0335f,0f,0f,0f,1f],start_interpolation: 0,interpolation_duration: 1}
$data merge entity $(bone_head) {transformation: [-0.9993f,-0.0276f,0.0247f,0.0406f,-0.0271f,0.9995f,0.0185f,1.4725f,-0.0252f,0.0178f,-0.9995f,0.0335f,0f,0f,0f,1f],start_interpolation: 0,interpolation_duration: 1}
$data merge entity $(bone_arm_right) {transformation: [-0.9811f,0.1112f,0.1583f,-0.2598f,0.1194f,0.9919f,0.0433f,1.3522f,-0.1522f,0.0614f,-0.9864f,0.0121f,0f,0f,0f,1f],start_interpolation: 0,interpolation_duration: 1}
$data merge entity $(bone_arm_left) {transformation: [-0.987f,-0.1238f,-0.1021f,0.3451f,-0.129f,0.9906f,0.0459f,1.3631f,0.0955f,0.0584f,-0.9937f,0.0121f,0f,0f,0f,1f],start_interpolation: 0,interpolation_duration: 1}
$data merge entity $(bone_body) {transformation: [-0.9998f,-0.018f,-0.0008f,0.0541f,-0.018f,0.9988f,0.0447f,0.7233f,0f,0.0447f,-0.999f,0f,0f,0f,0f,1f],start_interpolation: 0,interpolation_duration: 1}
$data merge entity $(bone_leg_left) {transformation: [-0.9941f,-0.0032f,0.1086f,0.1776f,-0.0005f,0.9997f,0.0248f,0.6792f,-0.1087f,0.0246f,-0.9938f,0.0134f,0f,0f,0f,1f],start_interpolation: 0,interpolation_duration: 1}
$data merge entity $(bone_leg_right) {transformation: [-0.9897f,0.1161f,-0.0841f,-0.0689f,0.1164f,0.9932f,0.0017f,0.6773f,0.0837f,-0.0081f,-0.9965f,-0.0001f,0f,0f,0f,1f],start_interpolation: 0,interpolation_duration: 1}