# This file was generated by Animated Java via MC-Build. It is not recommended to edit this file directly.
$data merge entity $(bone_qunzi) {transformation: [-0.9999f,-0.0138f,-0.0004f,0.0354f,-0.0138f,0.9995f,0.0277f,0.7352f,0f,0.0277f,-0.9996f,0f,0f,0f,0f,1f],start_interpolation: 0,interpolation_duration: 1}
$data merge entity $(bone_hair) {transformation: [-0.9997f,0.0217f,-0.0113f,0.0251f,0.0215f,0.9995f,0.0222f,1.4849f,0.0118f,0.0219f,-0.9997f,0.0208f,0f,0f,0f,1f],start_interpolation: 0,interpolation_duration: 1}
$data merge entity $(bone_head) {transformation: [-0.9997f,0.0217f,-0.0113f,0.0251f,0.0215f,0.9995f,0.0222f,1.4849f,0.0118f,0.0219f,-0.9997f,0.0208f,0f,0f,0f,1f],start_interpolation: 0,interpolation_duration: 1}
$data merge entity $(bone_arm_right) {transformation: [-0.9908f,0.0891f,0.1021f,-0.2758f,0.0928f,0.9952f,0.032f,1.3656f,-0.0988f,0.0412f,-0.9943f,0.0013f,0f,0f,0f,1f],start_interpolation: 0,interpolation_duration: 1}
$data merge entity $(bone_arm_left) {transformation: [-0.976f,-0.1437f,-0.1635f,0.3291f,-0.149f,0.9886f,0.0208f,1.3739f,0.1586f,0.0447f,-0.9863f,0.0013f,0f,0f,0f,1f],start_interpolation: 0,interpolation_duration: 1}
$data merge entity $(bone_body) {transformation: [-0.9999f,-0.0138f,-0.0004f,0.0354f,-0.0138f,0.9995f,0.0277f,0.7352f,0f,0.0277f,-0.9996f,0f,0f,0f,0f,1f],start_interpolation: 0,interpolation_duration: 1}
$data merge entity $(bone_leg_left) {transformation: [-0.9937f,-0.0273f,0.1084f,0.1597f,-0.0257f,0.9995f,0.0164f,0.6828f,-0.1088f,0.0135f,-0.994f,0.0074f,0f,0f,0f,1f],start_interpolation: 0,interpolation_duration: 1}
$data merge entity $(bone_leg_right) {transformation: [-0.9901f,0.0913f,-0.1068f,-0.0887f,0.0912f,0.9958f,0.0051f,0.682f,0.1068f,-0.0047f,-0.9943f,-0.0001f,0f,0f,0f,1f],start_interpolation: 0,interpolation_duration: 1}