# This file was generated by Animated Java via MC-Build. It is not recommended to edit this file directly.
$data merge entity $(bone_qunzi) {transformation: [-0.9999f,-0.0129f,-0.0003f,0.0313f,-0.0129f,0.9997f,0.0221f,0.7379f,0f,0.0221f,-0.9998f,0f,0f,0f,0f,1f],start_interpolation: 0,interpolation_duration: 1}
$data merge entity $(bone_hair) {transformation: [-0.9995f,0.0279f,-0.0122f,0.0216f,0.0277f,0.9995f,0.0175f,1.4876f,0.0127f,0.0172f,-0.9998f,0.0166f,0f,0f,0f,1f],start_interpolation: 0,interpolation_duration: 1}
$data merge entity $(bone_head) {transformation: [-0.9995f,0.0279f,-0.0122f,0.0216f,0.0277f,0.9995f,0.0175f,1.4876f,0.0127f,0.0172f,-0.9998f,0.0166f,0f,0f,0f,1f],start_interpolation: 0,interpolation_duration: 1}
$data merge entity $(bone_arm_right) {transformation: [-0.9914f,0.0875f,0.0973f,-0.2794f,0.0905f,0.9955f,0.0266f,1.3685f,-0.0946f,0.0352f,-0.9949f,-0.0023f,0f,0f,0f,1f],start_interpolation: 0,interpolation_duration: 1}
$data merge entity $(bone_arm_left) {transformation: [-0.9748f,-0.1453f,-0.1693f,0.3256f,-0.1499f,0.9886f,0.0144f,1.3763f,0.1653f,0.0394f,-0.9855f,-0.0023f,0f,0f,0f,1f],start_interpolation: 0,interpolation_duration: 1}
$data merge entity $(bone_body) {transformation: [-0.9999f,-0.0129f,-0.0003f,0.0313f,-0.0129f,0.9997f,0.0221f,0.7379f,0f,0.0221f,-0.9998f,0f,0f,0f,0f,1f],start_interpolation: 0,interpolation_duration: 1}
$data merge entity $(bone_leg_left) {transformation: [-0.9936f,-0.0326f,0.1084f,0.1557f,-0.0312f,0.9994f,0.0146f,0.6836f,-0.1088f,0.0111f,-0.994f,0.0061f,0f,0f,0f,1f],start_interpolation: 0,interpolation_duration: 1}
$data merge entity $(bone_leg_right) {transformation: [-0.99f,0.0858f,-0.1119f,-0.093f,0.0857f,0.9963f,0.0057f,0.683f,0.1119f,-0.0039f,-0.9937f,-0.0001f,0f,0f,0f,1f],start_interpolation: 0,interpolation_duration: 1}