# This file was generated by Animated Java via MC-Build. It is not recommended to edit this file directly.
$data merge entity $(bone_qunzi) {transformation: [-1f,-0.0099f,0f,0.0181f,-0.0099f,0.9999f,0.0044f,0.7463f,0f,0.0044f,-1f,0f,0f,0f,0f,1f],start_interpolation: 0,interpolation_duration: 1}
$data merge entity $(bone_hair) {transformation: [-0.999f,0.0424f,-0.0131f,0.0107f,0.0424f,0.9991f,0.003f,1.4962f,0.0132f,0.0024f,-0.9999f,0.0033f,0f,0f,0f,1f],start_interpolation: 0,interpolation_duration: 1}
$data merge entity $(bone_head) {transformation: [-0.999f,0.0424f,-0.0131f,0.0107f,0.0424f,0.9991f,0.003f,1.4962f,0.0132f,0.0024f,-0.9999f,0.0033f,0f,0f,0f,1f],start_interpolation: 0,interpolation_duration: 1}
$data merge entity $(bone_arm_right) {transformation: [-0.9925f,0.0852f,0.0873f,-0.2907f,0.0863f,0.9962f,0.0094f,1.3776f,-0.0862f,0.0169f,-0.9961f,-0.0135f,0f,0f,0f,1f],start_interpolation: 0,interpolation_duration: 1}
$data merge entity $(bone_arm_left) {transformation: [-0.9722f,-0.1479f,-0.1817f,0.3143f,-0.1495f,0.9888f,-0.0048f,1.3837f,0.1804f,0.0225f,-0.9833f,-0.0135f,0f,0f,0f,1f],start_interpolation: 0,interpolation_duration: 1}
$data merge entity $(bone_body) {transformation: [-1f,-0.0099f,0f,0.0181f,-0.0099f,0.9999f,0.0044f,0.7463f,0f,0.0044f,-1f,0f,0f,0f,0f,1f],start_interpolation: 0,interpolation_duration: 1}
$data merge entity $(bone_leg_left) {transformation: [-0.9929f,-0.0496f,0.1086f,0.1431f,-0.0489f,0.9988f,0.0087f,0.6862f,-0.1089f,0.0033f,-0.9941f,0.0019f,0f,0f,0f,1f],start_interpolation: 0,interpolation_duration: 1}
$data merge entity $(bone_leg_right) {transformation: [-0.9894f,0.0683f,-0.1279f,-0.1069f,0.068f,0.9977f,0.0072f,0.6862f,0.1281f,-0.0016f,-0.9918f,0f,0f,0f,0f,1f],start_interpolation: 0,interpolation_duration: 1}