# This file was generated by Animated Java via MC-Build. It is not recommended to edit this file directly.
$data merge entity $(bone_qunzi) {transformation: [-1f,-0.0092f,0f,0.0146f,-0.0092f,1f,0.0005f,0.7485f,0f,0.0005f,-1f,0f,0f,0f,0f,1f],start_interpolation: 0,interpolation_duration: 1}
$data merge entity $(bone_hair) {transformation: [-0.9991f,0.04f,-0.0128f,0.0077f,0.04f,0.9992f,0.0007f,1.4985f,0.0128f,0.0002f,-0.9999f,0.0004f,0f,0f,0f,1f],start_interpolation: 0,interpolation_duration: 1}
$data merge entity $(bone_head) {transformation: [-0.9991f,0.04f,-0.0128f,0.0077f,0.04f,0.9992f,0.0007f,1.4985f,0.0128f,0.0002f,-0.9999f,0.0004f,0f,0f,0f,1f],start_interpolation: 0,interpolation_duration: 1}
$data merge entity $(bone_arm_right) {transformation: [-0.9921f,0.0874f,0.0902f,-0.2937f,0.0883f,0.9961f,0.0053f,1.3802f,-0.0894f,0.0132f,-0.9959f,-0.0159f,0f,0f,0f,1f],start_interpolation: 0,interpolation_duration: 1}
$data merge entity $(bone_arm_left) {transformation: [-0.9732f,-0.1455f,-0.1782f,0.3112f,-0.1465f,0.9892f,-0.0078f,1.3857f,0.1774f,0.0185f,-0.984f,-0.0159f,0f,0f,0f,1f],start_interpolation: 0,interpolation_duration: 1}
$data merge entity $(bone_body) {transformation: [-1f,-0.0092f,0f,0.0146f,-0.0092f,1f,0.0005f,0.7485f,0f,0.0005f,-1f,0f,0f,0f,0f,1f],start_interpolation: 0,interpolation_duration: 1}
$data merge entity $(bone_leg_left) {transformation: [-0.9926f,-0.0541f,0.1087f,0.1397f,-0.0537f,0.9985f,0.0071f,0.687f,-0.1089f,0.0012f,-0.9941f,0.0007f,0f,0f,0f,1f],start_interpolation: 0,interpolation_duration: 1}
$data merge entity $(bone_leg_right) {transformation: [-0.9892f,0.0637f,-0.1322f,-0.1106f,0.0632f,0.998f,0.0075f,0.6871f,0.1324f,-0.0009f,-0.9912f,0f,0f,0f,0f,1f],start_interpolation: 0,interpolation_duration: 1}