# This file was generated by Animated Java via MC-Build. It is not recommended to edit this file directly.
$data merge entity $(bone_qunzi) {transformation: [-1f,-0.0085f,0f,0.0113f,-0.0085f,1f,-0.001f,0.7508f,0f,-0.001f,-1f,0f,0f,0f,0f,1f],start_interpolation: 0,interpolation_duration: 1}
$data merge entity $(bone_hair) {transformation: [-1f,0.0048f,-0.0032f,0.005f,0.0048f,1f,0.0006f,1.5007f,0.0032f,0.0006f,-1f,-0.0008f,0f,0f,0f,1f],start_interpolation: 0,interpolation_duration: 1}
$data merge entity $(bone_head) {transformation: [-1f,0.0048f,-0.0032f,0.005f,0.0048f,1f,0.0006f,1.5007f,0.0032f,0.0006f,-1f,-0.0008f,0f,0f,0f,1f],start_interpolation: 0,interpolation_duration: 1}
$data merge entity $(bone_arm_right) {transformation: [-0.9865f,0.1056f,0.1251f,-0.2965f,0.1065f,0.9943f,0.0007f,1.3828f,-0.1244f,0.014f,-0.9921f,-0.0167f,0f,0f,0f,1f],start_interpolation: 0,interpolation_duration: 1}
$data merge entity $(bone_arm_left) {transformation: [-0.9824f,-0.1273f,-0.1365f,0.3083f,-0.1281f,0.9918f,-0.0029f,1.3879f,0.1357f,0.0146f,-0.9906f,-0.0167f,0f,0f,0f,1f],start_interpolation: 0,interpolation_duration: 1}
$data merge entity $(bone_body) {transformation: [-1f,-0.0085f,0f,0.0113f,-0.0085f,1f,-0.001f,0.7508f,0f,-0.001f,-1f,0f,0f,0f,0f,1f],start_interpolation: 0,interpolation_duration: 1}
$data merge entity $(bone_leg_left) {transformation: [-0.9924f,-0.0583f,0.1087f,0.1363f,-0.058f,0.9983f,0.0056f,0.6877f,-0.1089f,-0.0007f,-0.9941f,-0.0004f,0f,0f,0f,1f],start_interpolation: 0,interpolation_duration: 1}
$data merge entity $(bone_leg_right) {transformation: [-0.9889f,0.0594f,-0.1361f,-0.1138f,0.0589f,0.9982f,0.0077f,0.6878f,0.1363f,-0.0004f,-0.9907f,0f,0f,0f,0f,1f],start_interpolation: 0,interpolation_duration: 1}