# This file was generated by Animated Java via MC-Build. It is not recommended to edit this file directly.
$data merge entity $(bone_qunzi) {transformation: [-0.9999f,-0.0115f,-0.0001f,0.0251f,-0.0115f,0.9999f,0.009f,0.7419f,0f,0.009f,-1f,0f,0f,0f,0f,1f],start_interpolation: 0,interpolation_duration: 1}
$data merge entity $(bone_hair) {transformation: [-0.9995f,-0.0214f,0.0251f,0.0164f,-0.0216f,0.9997f,-0.0076f,1.4918f,-0.0249f,-0.0082f,-0.9997f,0.0068f,0f,0f,0f,1f],start_interpolation: 0,interpolation_duration: 1}
$data merge entity $(bone_head) {transformation: [-0.9995f,-0.0214f,0.0251f,0.0164f,-0.0216f,0.9997f,-0.0076f,1.4918f,-0.0249f,-0.0082f,-0.9997f,0.0068f,0f,0f,0f,1f],start_interpolation: 0,interpolation_duration: 1}
$data merge entity $(bone_arm_right) {transformation: [-0.9803f,0.1176f,0.159f,-0.2847f,0.1202f,0.9927f,0.007f,1.3731f,-0.157f,0.0259f,-0.9873f,-0.0104f,0f,0f,0f,1f],start_interpolation: 0,interpolation_duration: 1}
$data merge entity $(bone_arm_left) {transformation: [-0.9879f,-0.1174f,-0.1014f,0.3202f,-0.1191f,0.9928f,0.011f,1.3801f,0.0994f,0.0229f,-0.9948f,-0.0104f,0f,0f,0f,1f],start_interpolation: 0,interpolation_duration: 1}
$data merge entity $(bone_body) {transformation: [-0.9999f,-0.0115f,-0.0001f,0.0251f,-0.0115f,0.9999f,0.009f,0.7419f,0f,0.009f,-1f,0f,0f,0f,0f,1f],start_interpolation: 0,interpolation_duration: 1}
$data merge entity $(bone_leg_left) {transformation: [-0.9933f,-0.0405f,0.1084f,0.1496f,-0.0395f,0.9992f,0.0118f,0.6851f,-0.1088f,0.0074f,-0.994f,0.004f,0f,0f,0f,1f],start_interpolation: 0,interpolation_duration: 1}
$data merge entity $(bone_leg_right) {transformation: [-0.9898f,0.0776f,-0.1193f,-0.0992f,0.0774f,0.997f,0.0064f,0.6843f,0.1194f,-0.0029f,-0.9928f,0f,0f,0f,0f,1f],start_interpolation: 0,interpolation_duration: 1}