# This file was generated by Animated Java via MC-Build. It is not recommended to edit this file directly.
$data merge entity $(bone_qunzi) {transformation: [-0.9999f,-0.016f,-0.0004f,0.0451f,-0.016f,0.9996f,0.0248f,0.7291f,0f,0.0248f,-0.9997f,0f,0f,0f,0f,1f],start_interpolation: 0,interpolation_duration: 1}
$data merge entity $(bone_hair) {transformation: [-0.9975f,-0.0417f,0.0563f,0.033f,-0.0425f,0.999f,-0.0136f,1.4787f,-0.0556f,-0.0159f,-0.9983f,0.0186f,0f,0f,0f,1f],start_interpolation: 0,interpolation_duration: 1}
$data merge entity $(bone_head) {transformation: [-0.9975f,-0.0417f,0.0563f,0.033f,-0.0425f,0.999f,-0.0136f,1.4787f,-0.0556f,-0.0159f,-0.9983f,0.0186f,0f,0f,0f,1f],start_interpolation: 0,interpolation_duration: 1}
$data merge entity $(bone_arm_right) {transformation: [-0.9739f,0.1259f,0.1887f,-0.2676f,0.1318f,0.9911f,0.0189f,1.3587f,-0.1847f,0.0433f,-0.9818f,-0.0005f,0f,0f,0f,1f],start_interpolation: 0,interpolation_duration: 1}
$data merge entity $(bone_arm_left) {transformation: [-0.9912f,-0.1114f,-0.0718f,0.3373f,-0.1137f,0.9931f,0.0294f,1.3684f,0.068f,0.0373f,-0.997f,-0.0005f,0f,0f,0f,1f],start_interpolation: 0,interpolation_duration: 1}
$data merge entity $(bone_body) {transformation: [-0.9999f,-0.016f,-0.0004f,0.0451f,-0.016f,0.9996f,0.0248f,0.7291f,0f,0.0248f,-0.9997f,0f,0f,0f,0f,1f],start_interpolation: 0,interpolation_duration: 1}
$data merge entity $(bone_leg_left) {transformation: [-0.994f,-0.0148f,0.1084f,0.1689f,-0.0126f,0.9997f,0.0207f,0.6811f,-0.1087f,0.0192f,-0.9939f,0.0105f,0f,0f,0f,1f],start_interpolation: 0,interpolation_duration: 1}
$data merge entity $(bone_leg_right) {transformation: [-0.99f,0.1041f,-0.095f,-0.0782f,0.1043f,0.9945f,0.0034f,0.6793f,0.0948f,-0.0065f,-0.9955f,0f,0f,0f,0f,1f],start_interpolation: 0,interpolation_duration: 1}