# This file was generated by Animated Java via MC-Build. It is not recommended to edit this file directly.
$data merge entity $(bone_hair) {transformation: [-0.9975f,-0.0425f,0.0563f,0.0366f,-0.0431f,0.999f,-0.0097f,1.4759f,-0.0558f,-0.0121f,-0.9984f,0.0225f,0f,0f,0f,1f],start_interpolation: 0,interpolation_duration: 1}
$data merge entity $(bone_head) {transformation: [-0.9975f,-0.0425f,0.0563f,0.0366f,-0.0431f,0.999f,-0.0097f,1.4759f,-0.0558f,-0.0121f,-0.9984f,0.0225f,0f,0f,0f,1f],start_interpolation: 0,interpolation_duration: 1}
$data merge entity $(bone_arm_right) {transformation: [-0.9741f,0.125f,0.1886f,-0.2639f,0.1318f,0.991f,0.0242f,1.3557f,-0.1839f,0.0484f,-0.9817f,0.0028f,0f,0f,0f,1f],start_interpolation: 0,interpolation_duration: 1}
$data merge entity $(bone_arm_left) {transformation: [-0.9911f,-0.1124f,-0.0719f,0.341f,-0.115f,0.9928f,0.0345f,1.3659f,0.0675f,0.0425f,-0.9968f,0.0028f,0f,0f,0f,1f],start_interpolation: 0,interpolation_duration: 1}
$data merge entity $(bone_body) {transformation: [-0.9999f,-0.017f,-0.0005f,0.0493f,-0.017f,0.9994f,0.03f,0.7263f,0f,0.03f,-0.9995f,0f,0f,0f,0f,1f],start_interpolation: 0,interpolation_duration: 1}
$data merge entity $(bone_leg_left) {transformation: [-0.9941f,-0.0093f,0.1085f,0.173f,-0.0069f,0.9997f,0.0226f,0.6803f,-0.1087f,0.0217f,-0.9938f,0.0118f,0f,0f,0f,1f],start_interpolation: 0,interpolation_duration: 1}
$data merge entity $(bone_leg_right) {transformation: [-0.9899f,0.1098f,-0.0899f,-0.0737f,0.11f,0.9939f,0.0026f,0.6783f,0.0896f,-0.0073f,-0.996f,0f,0f,0f,0f,1f],start_interpolation: 0,interpolation_duration: 1}