# This file was generated by Animated Java via MC-Build. It is not recommended to edit this file directly.
$data merge entity $(bone_hair) {transformation: [-1f,-0.0038f,-0.0039f,0.0369f,-0.0039f,0.9994f,0.0348f,1.4753f,0.0038f,0.0348f,-0.9994f,0.0345f,0f,0f,0f,1f],start_interpolation: 0,interpolation_duration: 1}
$data merge entity $(bone_head) {transformation: [-1f,-0.0038f,-0.0039f,0.0369f,-0.0039f,0.9994f,0.0348f,1.4753f,0.0038f,0.0348f,-0.9994f,0.0345f,0f,0f,0f,1f],start_interpolation: 0,interpolation_duration: 1}
$data merge entity $(bone_arm_right) {transformation: [-0.9875f,0.0972f,0.1244f,-0.2636f,0.1039f,0.9934f,0.0485f,1.3555f,-0.1189f,0.0608f,-0.991f,0.013f,0f,0f,0f,1f],start_interpolation: 0,interpolation_duration: 1}
$data merge entity $(bone_arm_left) {transformation: [-0.9812f,-0.1357f,-0.1373f,0.3413f,-0.1428f,0.9888f,0.0426f,1.3657f,0.13f,0.0614f,-0.9896f,0.013f,0f,0f,0f,1f],start_interpolation: 0,interpolation_duration: 1}
$data merge entity $(bone_body) {transformation: [-0.9999f,-0.017f,-0.0008f,0.0496f,-0.017f,0.9988f,0.046f,0.7262f,0f,0.046f,-0.9989f,0f,0f,0f,0f,1f],start_interpolation: 0,interpolation_duration: 1}
$data merge entity $(bone_leg_left) {transformation: [-0.994f,-0.0091f,0.1086f,0.1733f,-0.0067f,0.9997f,0.0228f,0.68f,-0.1087f,0.0219f,-0.9938f,0.0119f,0f,0f,0f,1f],start_interpolation: 0,interpolation_duration: 1}
$data merge entity $(bone_leg_right) {transformation: [-0.9899f,0.1101f,-0.0896f,-0.0737f,0.1103f,0.9939f,0.0026f,0.6785f,0.0893f,-0.0073f,-0.996f,-0.0001f,0f,0f,0f,1f],start_interpolation: 0,interpolation_duration: 1}