# This file was generated by Animated Java via MC-Build. It is not recommended to edit this file directly.
$data merge entity $(bone_hair) {transformation: [-1f,0f,0f,0f,0f,0.9987f,-0.0515f,1.4594f,0f,-0.0515f,-0.9987f,0.0206f,0f,0f,0f,1f],start_interpolation: 0,interpolation_duration: 1}
$data merge entity $(bone_head) {transformation: [-1f,0f,0f,0f,0f,0.9987f,-0.0515f,1.4578f,0f,-0.0515f,-0.9987f,0.0206f,0f,0f,0f,1f],start_interpolation: 0,interpolation_duration: 1}
$data merge entity $(bone_arm_right) {transformation: [-0.9597f,0.0796f,0.2694f,-0.3125f,0.0814f,0.9967f,-0.0043f,1.3954f,-0.2689f,0.0178f,-0.963f,0.017f,0f,0f,0f,1f],start_interpolation: 0,interpolation_duration: 1}
$data merge entity $(bone_arm_left) {transformation: [-0.9638f,-0.0756f,-0.2556f,0.3125f,-0.0886f,0.9953f,0.0397f,1.3954f,0.2514f,0.0609f,-0.966f,0.017f,0f,0f,0f,1f],start_interpolation: 0,interpolation_duration: 1}
$data merge entity $(bone_body) {transformation: [-1f,0f,0f,0f,0f,0.9983f,0.0585f,0.8339f,0f,0.0585f,-0.9983f,-0.0159f,0f,0f,0f,1f],start_interpolation: 0,interpolation_duration: 1}
$data merge entity $(bone_leg_left) {transformation: [-1f,0f,0f,0.125f,0f,1f,0.0074f,0.8072f,0f,0.0074f,-1f,0.0027f,0f,0f,0f,1f],start_interpolation: 0,interpolation_duration: 1}
$data merge entity $(bone_leg_right) {transformation: [-1f,0f,0f,-0.125f,0f,1f,0.0074f,0.8072f,0f,0.0074f,-1f,0.0027f,0f,0f,0f,1f],start_interpolation: 0,interpolation_duration: 1}