# This file was generated by Animated Java via MC-Build. It is not recommended to edit this file directly.
$data merge entity $(bone_hair) {transformation: [-1f,0f,0f,0f,0f,0.999f,-0.0454f,1.455f,0f,-0.0454f,-0.999f,0.0227f,0f,0f,0f,1f],start_interpolation: 0,interpolation_duration: 1}
$data merge entity $(bone_head) {transformation: [-1f,0f,0f,0f,0f,0.999f,-0.0454f,1.4535f,0f,-0.0454f,-0.999f,0.0228f,0f,0f,0f,1f],start_interpolation: 0,interpolation_duration: 1}
$data merge entity $(bone_arm_right) {transformation: [-0.9573f,0.0792f,0.2779f,-0.3125f,0.0848f,0.9964f,0.0082f,1.3911f,-0.2762f,0.0314f,-0.9606f,0.0188f,0f,0f,0f,1f],start_interpolation: 0,interpolation_duration: 1}
$data merge entity $(bone_arm_left) {transformation: [-0.9609f,-0.0755f,-0.2664f,0.3125f,-0.0907f,0.9949f,0.0449f,1.3911f,0.2617f,0.0673f,-0.9628f,0.0188f,0f,0f,0f,1f],start_interpolation: 0,interpolation_duration: 1}
$data merge entity $(bone_body) {transformation: [-1f,0f,0f,0f,0f,0.9979f,0.0645f,0.8298f,0f,0.0645f,-0.9979f,-0.0175f,0f,0f,0f,1f],start_interpolation: 0,interpolation_duration: 1}
$data merge entity $(bone_leg_left) {transformation: [-1f,0f,0f,0.125f,0f,1f,0.0081f,0.8067f,0f,0.0081f,-1f,0.0029f,0f,0f,0f,1f],start_interpolation: 0,interpolation_duration: 1}
$data merge entity $(bone_leg_right) {transformation: [-1f,0f,0f,-0.125f,0f,1f,0.0081f,0.8067f,0f,0.0081f,-1f,0.0029f,0f,0f,0f,1f],start_interpolation: 0,interpolation_duration: 1}