# This file was generated by Animated Java via MC-Build. It is not recommended to edit this file directly.
$data merge entity $(bone_hair) {transformation: [-1f,0f,0f,0f,0f,0.9992f,-0.0406f,1.4784f,0f,-0.0406f,-0.9992f,0.01f,0f,0f,0f,1f],start_interpolation: 0,interpolation_duration: 1}
$data merge entity $(bone_head) {transformation: [-1f,0f,0f,0f,0f,0.9992f,-0.0406f,1.4768f,0f,-0.0406f,-0.9992f,0.01f,0f,0f,0f,1f],start_interpolation: 0,interpolation_duration: 1}
$data merge entity $(bone_arm_right) {transformation: [-0.973f,0.0761f,0.218f,-0.3125f,0.0748f,0.9971f,-0.0143f,1.4143f,-0.2184f,0.0023f,-0.9758f,0.0081f,0f,0f,0f,1f],start_interpolation: 0,interpolation_duration: 1}
$data merge entity $(bone_arm_left) {transformation: [-0.9753f,-0.075f,-0.208f,0.3125f,-0.0803f,0.9966f,0.0172f,1.4143f,0.206f,0.0335f,-0.978f,0.0081f,0f,0f,0f,1f],start_interpolation: 0,interpolation_duration: 1}
$data merge entity $(bone_body) {transformation: [-1f,0f,0f,0f,0f,0.9995f,0.0302f,0.8521f,0f,0.0302f,-0.9995f,-0.0089f,0f,0f,0f,1f],start_interpolation: 0,interpolation_duration: 1}
$data merge entity $(bone_leg_left) {transformation: [-1f,0f,0f,0.125f,0f,1f,0.0041f,0.8095f,0f,0.0041f,-1f,0.0015f,0f,0f,0f,1f],start_interpolation: 0,interpolation_duration: 1}
$data merge entity $(bone_leg_right) {transformation: [-1f,0f,0f,-0.125f,0f,1f,0.0041f,0.8095f,0f,0.0041f,-1f,0.0015f,0f,0f,0f,1f],start_interpolation: 0,interpolation_duration: 1}