# This file was generated by Animated Java via MC-Build. It is not recommended to edit this file directly.
$data merge entity $(bone_hair) {transformation: [-1f,0f,0f,0f,0f,0.999f,-0.0454f,1.4735f,0f,-0.0454f,-0.999f,0.0127f,0f,0f,0f,1f],start_interpolation: 0,interpolation_duration: 1}
$data merge entity $(bone_head) {transformation: [-1f,0f,0f,0f,0f,0.999f,-0.0454f,1.4719f,0f,-0.0454f,-0.999f,0.0128f,0f,0f,0f,1f],start_interpolation: 0,interpolation_duration: 1}
$data merge entity $(bone_arm_right) {transformation: [-0.9696f,0.0771f,0.2321f,-0.3125f,0.0759f,0.997f,-0.014f,1.4094f,-0.2325f,0.0041f,-0.9726f,0.0104f,0f,0f,0f,1f],start_interpolation: 0,interpolation_duration: 1}
$data merge entity $(bone_arm_left) {transformation: [-0.9725f,-0.0752f,-0.2205f,0.3125f,-0.0822f,0.9963f,0.023f,1.4094f,0.218f,0.0405f,-0.9751f,0.0104f,0f,0f,0f,1f],start_interpolation: 0,interpolation_duration: 1}
$data merge entity $(bone_body) {transformation: [-1f,0f,0f,0f,0f,0.9993f,0.0376f,0.8473f,0f,0.0376f,-0.9993f,-0.0107f,0f,0f,0f,1f],start_interpolation: 0,interpolation_duration: 1}
$data merge entity $(bone_leg_left) {transformation: [-1f,0f,0f,0.125f,0f,1f,0.005f,0.8089f,0f,0.005f,-1f,0.0018f,0f,0f,0f,1f],start_interpolation: 0,interpolation_duration: 1}
$data merge entity $(bone_leg_right) {transformation: [-1f,0f,0f,-0.125f,0f,1f,0.005f,0.8089f,0f,0.005f,-1f,0.0018f,0f,0f,0f,1f],start_interpolation: 0,interpolation_duration: 1}