# This file was generated by Animated Java via MC-Build. It is not recommended to edit this file directly.
$data merge entity $(bone_bone) {transformation: [-1f,0f,0f,-0.25f,0f,0.9999f,0.0169f,1.4801f,0f,0.0169f,-0.9999f,0.04f,0f,0f,0f,1f],start_interpolation: 0,interpolation_duration: 1}
$data merge entity $(bone_hair) {transformation: [-1f,0f,0f,0f,0f,0.9968f,0.0803f,1.4817f,0f,0.0803f,-0.9968f,0.0401f,0f,0f,0f,1f],start_interpolation: 0,interpolation_duration: 1}
$data merge entity $(bone_head) {transformation: [-1f,0f,0f,0f,0f,0.9968f,0.0803f,1.4801f,0f,0.0803f,-0.9968f,0.04f,0f,0f,0f,1f],start_interpolation: 0,interpolation_duration: 1}
$data merge entity $(bone_arm_left) {transformation: [-0.9776f,-0.067f,-0.1993f,0.3125f,-0.0863f,0.9922f,0.0901f,1.4178f,0.1917f,0.1053f,-0.9758f,0.036f,0f,0f,0f,1f],start_interpolation: 0,interpolation_duration: 1}
$data merge entity $(bone_body) {transformation: [-1f,0f,0f,0f,0f,0.998f,0.0633f,0.7317f,0f,0.0633f,-0.998f,-0.0075f,0f,0f,0f,1f],start_interpolation: 0,interpolation_duration: 1}
$data merge entity $(bone_leg_left) {transformation: [-1f,0f,0f,0.125f,0f,1f,0.0034f,0.6854f,0f,0.0034f,-1f,0.0011f,0f,0f,0f,1f],start_interpolation: 0,interpolation_duration: 1}
$data merge entity $(bone_leg_right) {transformation: [-1f,0f,0f,-0.125f,0f,1f,0.0034f,0.6854f,0f,0.0034f,-1f,0.0011f,0f,0f,0f,1f],start_interpolation: 0,interpolation_duration: 1}