# This file was generated by Animated Java via MC-Build. It is not recommended to edit this file directly.
$data merge entity $(bone_bone) {transformation: [-1f,0f,0f,-0.25f,0f,1f,0.0066f,1.4718f,0f,0.0066f,-1f,0.0175f,0f,0f,0f,1f],start_interpolation: 0,interpolation_duration: 1}
$data merge entity $(bone_hair) {transformation: [-1f,0f,0f,0f,0f,0.999f,-0.0454f,1.4734f,0f,-0.0454f,-0.999f,0.0174f,0f,0f,0f,1f],start_interpolation: 0,interpolation_duration: 1}
$data merge entity $(bone_head) {transformation: [-1f,0f,0f,0f,0f,0.999f,-0.0454f,1.4718f,0f,-0.0454f,-0.999f,0.0175f,0f,0f,0f,1f],start_interpolation: 0,interpolation_duration: 1}
$data merge entity $(bone_arm_left) {transformation: [-0.9725f,-0.0752f,-0.2205f,0.3125f,-0.0822f,0.9963f,0.023f,1.4093f,0.218f,0.0405f,-0.9751f,0.0151f,0f,0f,0f,1f],start_interpolation: 0,interpolation_duration: 1}
$data merge entity $(bone_body) {transformation: [-1f,0f,0f,0f,0f,0.9993f,0.0376f,0.7223f,0f,0.0376f,-0.9993f,-0.0107f,0f,0f,0f,1f],start_interpolation: 0,interpolation_duration: 1}
$data merge entity $(bone_leg_left) {transformation: [-1f,0f,0f,0.125f,0f,1f,0.005f,0.6839f,0f,0.005f,-1f,0.0018f,0f,0f,0f,1f],start_interpolation: 0,interpolation_duration: 1}
$data merge entity $(bone_leg_right) {transformation: [-1f,0f,0f,-0.125f,0f,1f,0.005f,0.6839f,0f,0.005f,-1f,0.0018f,0f,0f,0f,1f],start_interpolation: 0,interpolation_duration: 1}