# This file was generated by Animated Java via MC-Build. It is not recommended to edit this file directly.
$data merge entity $(bone_bone) {transformation: [-1f,0f,0f,-0.25f,0f,1f,0.0082f,1.4672f,0f,0.0082f,-1f,0.021f,0f,0f,0f,1f],start_interpolation: 0,interpolation_duration: 1}
$data merge entity $(bone_hair) {transformation: [-1f,0f,0f,0f,0f,0.9988f,-0.0491f,1.4688f,0f,-0.0491f,-0.9988f,0.0209f,0f,0f,0f,1f],start_interpolation: 0,interpolation_duration: 1}
$data merge entity $(bone_head) {transformation: [-1f,0f,0f,0f,0f,0.9988f,-0.0491f,1.4672f,0f,-0.0491f,-0.9988f,0.021f,0f,0f,0f,1f],start_interpolation: 0,interpolation_duration: 1}
$data merge entity $(bone_arm_left) {transformation: [-0.9698f,-0.0753f,-0.232f,0.3125f,-0.0842f,0.996f,0.0284f,1.4048f,0.2289f,0.047f,-0.9723f,0.0182f,0f,0f,0f,1f],start_interpolation: 0,interpolation_duration: 1}
$data merge entity $(bone_body) {transformation: [-1f,0f,0f,0f,0f,0.999f,0.0445f,0.718f,0f,0.0445f,-0.999f,-0.0124f,0f,0f,0f,1f],start_interpolation: 0,interpolation_duration: 1}
$data merge entity $(bone_leg_left) {transformation: [-1f,0f,0f,0.125f,0f,1f,0.0058f,0.6834f,0f,0.0058f,-1f,0.0021f,0f,0f,0f,1f],start_interpolation: 0,interpolation_duration: 1}
$data merge entity $(bone_leg_right) {transformation: [-1f,0f,0f,-0.125f,0f,1f,0.0058f,0.6834f,0f,0.0058f,-1f,0.0021f,0f,0f,0f,1f],start_interpolation: 0,interpolation_duration: 1}