# This file was generated by Animated Java via MC-Build. It is not recommended to edit this file directly.
$data merge entity $(bone_hair) {transformation: [-0.9978f,-0.0412f,0.0526f,0.0364f,-0.0415f,0.9991f,-0.0055f,1.4748f,-0.0523f,-0.0077f,-0.9986f,0.0222f,0f,0f,0f,1f],start_interpolation: 0,interpolation_duration: 1}
$data merge entity $(bone_head) {transformation: [-0.9978f,-0.0412f,0.0526f,0.039f,-0.0415f,0.9991f,-0.0055f,1.4124f,-0.0523f,-0.0077f,-0.9986f,0.0227f,0f,0f,0f,1f],start_interpolation: 0,interpolation_duration: 1}
$data merge entity $(bone_arm_right) {transformation: [-0.9749f,0.1232f,0.1852f,-0.2615f,0.1305f,0.9911f,0.0277f,1.2921f,-0.1802f,0.0512f,-0.9823f,0.0026f,0f,0f,0f,1f],start_interpolation: 0,interpolation_duration: 1}
$data merge entity $(bone_arm_left) {transformation: [-0.9906f,-0.1138f,-0.0753f,0.3434f,-0.1169f,0.9925f,0.0371f,1.3026f,0.0705f,0.0456f,-0.9965f,0.0026f,0f,0f,0f,1f],start_interpolation: 0,interpolation_duration: 1}
$data merge entity $(bone_body) {transformation: [-0.9998f,-0.0173f,-0.0006f,0.0509f,-0.0173f,0.9993f,0.033f,0.7253f,0f,0.033f,-0.9995f,0f,0f,0f,0f,1f],start_interpolation: 0,interpolation_duration: 1}
$data merge entity $(bone_bone1) {transformation: [-0.9941f,-0.0073f,0.1085f,0.0552f,-0.0048f,0.9997f,0.0233f,0.0108f,-0.1087f,0.0226f,-0.9938f,-0.0164f,0f,0f,0f,1f],start_interpolation: 0,interpolation_duration: 1}
$data merge entity $(bone_leg_left) {transformation: [-0.9941f,-0.0073f,0.1085f,0.1745f,-0.0048f,0.9997f,0.0233f,0.6799f,-0.1087f,0.0226f,-0.9938f,0.0123f,0f,0f,0f,1f],start_interpolation: 0,interpolation_duration: 1}
$data merge entity $(bone_bone) {transformation: [-0.9898f,0.1119f,-0.088f,-0.1254f,0.1121f,0.9937f,0.0023f,0.4827f,0.0877f,-0.0076f,-0.9961f,0.0042f,0f,0f,0f,1f],start_interpolation: 0,interpolation_duration: 1}
$data merge entity $(bone_leg_right) {transformation: [-0.9898f,0.1119f,-0.088f,-0.0721f,0.1121f,0.9937f,0.0023f,0.6779f,0.0877f,-0.0076f,-0.9961f,0f,0f,0f,0f,1f],start_interpolation: 0,interpolation_duration: 1}