# This file was generated by Animated Java via MC-Build. It is not recommended to edit this file directly.
$data merge entity $(bone_hair) {transformation: [-0.9985f,-0.0358f,0.0403f,0.0387f,-0.0356f,0.9994f,0.0058f,1.4732f,-0.0405f,0.0043f,-0.9992f,0.0272f,0f,0f,0f,1f],start_interpolation: 0,interpolation_duration: 1}
$data merge entity $(bone_head) {transformation: [-0.9985f,-0.0358f,0.0403f,0.0409f,-0.0356f,0.9994f,0.0058f,1.4108f,-0.0405f,0.0043f,-0.9992f,0.027f,0f,0f,0f,1f],start_interpolation: 0,interpolation_duration: 1}
$data merge entity $(bone_arm_right) {transformation: [-0.9777f,0.1179f,0.1736f,-0.2595f,0.1259f,0.9914f,0.0357f,1.2905f,-0.1679f,0.0567f,-0.9842f,0.0062f,0f,0f,0f,1f],start_interpolation: 0,interpolation_duration: 1}
$data merge entity $(bone_arm_left) {transformation: [-0.9892f,-0.1183f,-0.0868f,0.3454f,-0.1223f,0.9916f,0.0421f,1.3013f,0.0811f,0.0523f,-0.9953f,0.0062f,0f,0f,0f,1f],start_interpolation: 0,interpolation_duration: 1}
$data merge entity $(bone_body) {transformation: [-0.9998f,-0.0178f,-0.0007f,0.0532f,-0.0178f,0.9991f,0.0392f,0.7239f,0f,0.0392f,-0.9992f,0f,0f,0f,0f,1f],start_interpolation: 0,interpolation_duration: 1}
$data merge entity $(bone_bone1) {transformation: [-0.9941f,-0.0045f,0.1086f,0.0554f,-0.0018f,0.9997f,0.0243f,0.0107f,-0.1087f,0.024f,-0.9938f,-0.0166f,0f,0f,0f,1f],start_interpolation: 0,interpolation_duration: 1}
$data merge entity $(bone_leg_left) {transformation: [-0.9941f,-0.0045f,0.1086f,0.1767f,-0.0018f,0.9997f,0.0243f,0.6794f,-0.1087f,0.024f,-0.9938f,0.0131f,0f,0f,0f,1f],start_interpolation: 0,interpolation_duration: 1}
$data merge entity $(bone_bone) {transformation: [-0.9897f,0.1148f,-0.0853f,-0.1237f,0.1151f,0.9934f,0.0019f,0.4824f,0.0849f,-0.008f,-0.9964f,0.0042f,0f,0f,0f,1f],start_interpolation: 0,interpolation_duration: 1}
$data merge entity $(bone_leg_right) {transformation: [-0.9897f,0.1148f,-0.0853f,-0.0698f,0.1151f,0.9934f,0.0019f,0.6775f,0.0849f,-0.008f,-0.9964f,-0.0001f,0f,0f,0f,1f],start_interpolation: 0,interpolation_duration: 1}