# This file was generated by Animated Java via MC-Build. It is not recommended to edit this file directly.
$data merge entity $(bone_hair) {transformation: [-0.9996f,-0.0229f,0.0169f,0.0403f,-0.0225f,0.9995f,0.0244f,1.4725f,-0.0175f,0.024f,-0.9996f,0.0336f,0f,0f,0f,1f],start_interpolation: 0,interpolation_duration: 1}
$data merge entity $(bone_head) {transformation: [-0.9996f,-0.0229f,0.0169f,0.0417f,-0.0225f,0.9995f,0.0244f,1.41f,-0.0175f,0.024f,-0.9996f,0.0321f,0f,0f,0f,1f],start_interpolation: 0,interpolation_duration: 1}
$data merge entity $(bone_arm_right) {transformation: [-0.9828f,0.1078f,0.1503f,-0.2587f,0.1159f,0.9922f,0.0463f,1.2898f,-0.1441f,0.0629f,-0.9876f,0.0105f,0f,0f,0f,1f],start_interpolation: 0,interpolation_duration: 1}
$data merge entity $(bone_arm_left) {transformation: [-0.9858f,-0.1266f,-0.1102f,0.3462f,-0.1324f,0.9901f,0.0469f,1.3007f,0.1032f,0.0608f,-0.9928f,0.0105f,0f,0f,0f,1f],start_interpolation: 0,interpolation_duration: 1}
$data merge entity $(bone_body) {transformation: [-0.9998f,-0.018f,-0.0008f,0.0541f,-0.018f,0.9987f,0.0467f,0.7234f,0f,0.0467f,-0.9989f,0f,0f,0f,0f,1f],start_interpolation: 0,interpolation_duration: 1}
$data merge entity $(bone_bone1) {transformation: [-0.9941f,-0.0033f,0.1086f,0.0555f,-0.0006f,0.9997f,0.0247f,0.0105f,-0.1087f,0.0245f,-0.9938f,-0.0167f,0f,0f,0f,1f],start_interpolation: 0,interpolation_duration: 1}
$data merge entity $(bone_leg_left) {transformation: [-0.9941f,-0.0033f,0.1086f,0.1775f,-0.0006f,0.9997f,0.0247f,0.6792f,-0.1087f,0.0245f,-0.9938f,0.0133f,0f,0f,0f,1f],start_interpolation: 0,interpolation_duration: 1}
$data merge entity $(bone_bone) {transformation: [-0.9897f,0.116f,-0.0842f,-0.1231f,0.1163f,0.9932f,0.0017f,0.4823f,0.0838f,-0.0081f,-0.9964f,0.0041f,0f,0f,0f,1f],start_interpolation: 0,interpolation_duration: 1}
$data merge entity $(bone_leg_right) {transformation: [-0.9897f,0.116f,-0.0842f,-0.0689f,0.1163f,0.9932f,0.0017f,0.6773f,0.0838f,-0.0081f,-0.9964f,-0.0001f,0f,0f,0f,1f],start_interpolation: 0,interpolation_duration: 1}