# This file was generated by Animated Java via MC-Build. It is not recommended to edit this file directly.
$data merge entity $(bone_hair) {transformation: [-1f,-0.0087f,-0.0007f,0.039f,-0.0087f,0.9994f,0.0349f,1.4741f,0.0004f,0.0349f,-0.9994f,0.0352f,0f,0f,0f,1f],start_interpolation: 0,interpolation_duration: 1}
$data merge entity $(bone_head) {transformation: [-1f,-0.0087f,-0.0007f,0.0396f,-0.0087f,0.9994f,0.0349f,1.4116f,0.0004f,0.0349f,-0.9994f,0.033f,0f,0f,0f,1f],start_interpolation: 0,interpolation_duration: 1}
$data merge entity $(bone_arm_right) {transformation: [-0.9866f,0.0992f,0.1297f,-0.2609f,0.1065f,0.9931f,0.0499f,1.2916f,-0.1239f,0.063f,-0.9903f,0.0112f,0f,0f,0f,1f],start_interpolation: 0,interpolation_duration: 1}
$data merge entity $(bone_arm_left) {transformation: [-0.9823f,-0.1338f,-0.1314f,0.344f,-0.1408f,0.989f,0.0453f,1.3022f,0.1239f,0.063f,-0.9903f,0.0112f,0f,0f,0f,1f],start_interpolation: 0,interpolation_duration: 1}
$data merge entity $(bone_body) {transformation: [-0.9998f,-0.0174f,-0.0008f,0.0516f,-0.0175f,0.9987f,0.048f,0.725f,0f,0.048f,-0.9988f,0f,0f,0f,0f,1f],start_interpolation: 0,interpolation_duration: 1}
$data merge entity $(bone_bone1) {transformation: [-0.9941f,-0.0066f,0.1086f,0.0553f,-0.004f,0.9997f,0.0236f,0.0105f,-0.1087f,0.023f,-0.9938f,-0.0165f,0f,0f,0f,1f],start_interpolation: 0,interpolation_duration: 1}
$data merge entity $(bone_leg_left) {transformation: [-0.9941f,-0.0066f,0.1086f,0.1751f,-0.004f,0.9997f,0.0236f,0.6796f,-0.1087f,0.023f,-0.9938f,0.0125f,0f,0f,0f,1f],start_interpolation: 0,interpolation_duration: 1}
$data merge entity $(bone_bone) {transformation: [-0.9898f,0.1127f,-0.0872f,-0.1251f,0.1129f,0.9936f,0.0022f,0.4828f,0.0869f,-0.0076f,-0.9962f,0.0041f,0f,0f,0f,1f],start_interpolation: 0,interpolation_duration: 1}
$data merge entity $(bone_leg_right) {transformation: [-0.9898f,0.1127f,-0.0872f,-0.0717f,0.1129f,0.9936f,0.0022f,0.678f,0.0869f,-0.0076f,-0.9962f,-0.0001f,0f,0f,0f,1f],start_interpolation: 0,interpolation_duration: 1}