# This file was generated by Animated Java via MC-Build. It is not recommended to edit this file directly.
$data merge entity $(bone_hair) {transformation: [-0.9999f,0.0084f,-0.0086f,0.0332f,0.0082f,0.9995f,0.0303f,1.4796f,0.0088f,0.0303f,-0.9995f,0.0283f,0f,0f,0f,1f],start_interpolation: 0,interpolation_duration: 1}
$data merge entity $(bone_head) {transformation: [-0.9999f,0.0084f,-0.0086f,0.0327f,0.0082f,0.9995f,0.0303f,1.4171f,0.0088f,0.0303f,-0.9995f,0.0264f,0f,0f,0f,1f],start_interpolation: 0,interpolation_duration: 1}
$data merge entity $(bone_arm_right) {transformation: [-0.9892f,0.0929f,0.113f,-0.268f,0.0982f,0.9943f,0.0418f,1.2975f,-0.1085f,0.0525f,-0.9927f,0.0057f,0f,0f,0f,1f],start_interpolation: 0,interpolation_duration: 1}
$data merge entity $(bone_arm_left) {transformation: [-0.9787f,-0.1398f,-0.1504f,0.3369f,-0.1464f,0.9887f,0.0332f,1.3069f,0.1441f,0.0545f,-0.9881f,0.0057f,0f,0f,0f,1f],start_interpolation: 0,interpolation_duration: 1}
$data merge entity $(bone_body) {transformation: [-0.9999f,-0.0156f,-0.0006f,0.0434f,-0.0156f,0.9991f,0.0384f,0.7302f,0f,0.0384f,-0.9993f,0f,0f,0f,0f,1f],start_interpolation: 0,interpolation_duration: 1}
$data merge entity $(bone_bone1) {transformation: [-0.994f,-0.0171f,0.1085f,0.0545f,-0.015f,0.9997f,0.02f,0.0108f,-0.1088f,0.0182f,-0.9939f,-0.0159f,0f,0f,0f,1f],start_interpolation: 0,interpolation_duration: 1}
$data merge entity $(bone_leg_left) {transformation: [-0.994f,-0.0171f,0.1085f,0.1673f,-0.015f,0.9997f,0.02f,0.6812f,-0.1088f,0.0182f,-0.9939f,0.0099f,0f,0f,0f,1f],start_interpolation: 0,interpolation_duration: 1}
$data merge entity $(bone_bone) {transformation: [-0.99f,0.1018f,-0.0971f,-0.1316f,0.102f,0.9948f,0.0038f,0.4843f,0.097f,-0.0062f,-0.9953f,0.0042f,0f,0f,0f,1f],start_interpolation: 0,interpolation_duration: 1}
$data merge entity $(bone_leg_right) {transformation: [-0.99f,0.1018f,-0.0971f,-0.0803f,0.102f,0.9948f,0.0038f,0.6801f,0.097f,-0.0062f,-0.9953f,-0.0001f,0f,0f,0f,1f],start_interpolation: 0,interpolation_duration: 1}