# This file was generated by Animated Java via MC-Build. It is not recommended to edit this file directly.
$data merge entity $(bone_hair) {transformation: [-0.9998f,0.0151f,-0.0102f,0.0304f,0.0148f,0.9995f,0.0265f,1.4821f,0.0106f,0.0264f,-0.9996f,0.0245f,0f,0f,0f,1f],start_interpolation: 0,interpolation_duration: 1}
$data merge entity $(bone_head) {transformation: [-0.9998f,0.0151f,-0.0102f,0.0294f,0.0148f,0.9995f,0.0265f,1.4197f,0.0106f,0.0264f,-0.9996f,0.0229f,0f,0f,0f,1f],start_interpolation: 0,interpolation_duration: 1}
$data merge entity $(bone_arm_right) {transformation: [-0.99f,0.0909f,0.1074f,-0.2714f,0.0954f,0.9947f,0.0372f,1.3002f,-0.1035f,0.047f,-0.9935f,0.0028f,0f,0f,0f,1f],start_interpolation: 0,interpolation_duration: 1}
$data merge entity $(bone_arm_left) {transformation: [-0.9773f,-0.1418f,-0.1571f,0.3336f,-0.1478f,0.9886f,0.0272f,1.3091f,0.1515f,0.0498f,-0.9872f,0.0028f,0f,0f,0f,1f],start_interpolation: 0,interpolation_duration: 1}
$data merge entity $(bone_body) {transformation: [-0.9999f,-0.0147f,-0.0005f,0.0396f,-0.0148f,0.9993f,0.0333f,0.7326f,0f,0.0333f,-0.9994f,0f,0f,0f,0f,1f],start_interpolation: 0,interpolation_duration: 1}
$data merge entity $(bone_bone1) {transformation: [-0.9939f,-0.022f,0.1084f,0.0541f,-0.0202f,0.9996f,0.0182f,0.011f,-0.1088f,0.016f,-0.9939f,-0.0156f,0f,0f,0f,1f],start_interpolation: 0,interpolation_duration: 1}
$data merge entity $(bone_leg_left) {transformation: [-0.9939f,-0.022f,0.1084f,0.1636f,-0.0202f,0.9996f,0.0182f,0.682f,-0.1088f,0.016f,-0.9939f,0.0087f,0f,0f,0f,1f],start_interpolation: 0,interpolation_duration: 1}
$data merge entity $(bone_bone) {transformation: [-0.9901f,0.0967f,-0.1018f,-0.1346f,0.0968f,0.9953f,0.0044f,0.485f,0.1018f,-0.0054f,-0.9948f,0.0042f,0f,0f,0f,1f],start_interpolation: 0,interpolation_duration: 1}
$data merge entity $(bone_leg_right) {transformation: [-0.9901f,0.0967f,-0.1018f,-0.0844f,0.0968f,0.9953f,0.0044f,0.681f,0.1018f,-0.0054f,-0.9948f,-0.0001f,0f,0f,0f,1f],start_interpolation: 0,interpolation_duration: 1}