# This file was generated by Animated Java via MC-Build. It is not recommended to edit this file directly.
$data merge entity $(bone_hair) {transformation: [-0.9992f,0.0379f,-0.013f,0.0152f,0.0378f,0.9992f,0.0088f,1.4926f,0.0133f,0.0083f,-0.9999f,0.0087f,0f,0f,0f,1f],start_interpolation: 0,interpolation_duration: 1}
$data merge entity $(bone_head) {transformation: [-0.9992f,0.0379f,-0.013f,0.0152f,0.0378f,0.9992f,0.0088f,1.4926f,0.0133f,0.0083f,-0.9999f,0.0087f,0f,0f,0f,1f],start_interpolation: 0,interpolation_duration: 1}
$data merge entity $(bone_arm_right) {transformation: [-0.9923f,0.0854f,0.0901f,-0.2859f,0.0872f,0.996f,0.0166f,1.3738f,-0.0883f,0.0243f,-0.9958f,-0.0089f,0f,0f,0f,1f],start_interpolation: 0,interpolation_duration: 1}
$data merge entity $(bone_arm_left) {transformation: [-0.9729f,-0.1475f,-0.1783f,0.319f,-0.1504f,0.9886f,0.0028f,1.3806f,0.1759f,0.0295f,-0.984f,-0.0089f,0f,0f,0f,1f],start_interpolation: 0,interpolation_duration: 1}
$data merge entity $(bone_body) {transformation: [-0.9999f,-0.0112f,-0.0001f,0.0236f,-0.0112f,0.9999f,0.0116f,0.7427f,0f,0.0116f,-0.9999f,0f,0f,0f,0f,1f],start_interpolation: 0,interpolation_duration: 1}
$data merge entity $(bone_leg_left) {transformation: [-0.9932f,-0.0425f,0.1085f,0.1484f,-0.0415f,0.9991f,0.0111f,0.6851f,-0.1088f,0.0065f,-0.994f,0.0036f,0f,0f,0f,1f],start_interpolation: 0,interpolation_duration: 1}
$data merge entity $(bone_leg_right) {transformation: [-0.9897f,0.0756f,-0.1212f,-0.1011f,0.0754f,0.9971f,0.0066f,0.6849f,0.1213f,-0.0026f,-0.9926f,0f,0f,0f,0f,1f],start_interpolation: 0,interpolation_duration: 1}