# This file was generated by Animated Java via MC-Build. It is not recommended to edit this file directly.
$data merge entity $(bone_hair) {transformation: [-0.9994f,0.0323f,-0.0117f,0.0055f,0.0323f,0.9995f,0.0003f,1.5002f,0.0117f,-0.0001f,-0.9999f,-0.0013f,0f,0f,0f,1f],start_interpolation: 0,interpolation_duration: 1}
$data merge entity $(bone_head) {transformation: [-0.9994f,0.0323f,-0.0117f,0.0055f,0.0323f,0.9995f,0.0003f,1.5002f,0.0117f,-0.0001f,-0.9999f,-0.0013f,0f,0f,0f,1f],start_interpolation: 0,interpolation_duration: 1}
$data merge entity $(bone_arm_right) {transformation: [-0.991f,0.0918f,0.0976f,-0.296f,0.0925f,0.9957f,0.0025f,1.3821f,-0.097f,0.0115f,-0.9952f,-0.0172f,0f,0f,0f,1f],start_interpolation: 0,interpolation_duration: 1}
$data merge entity $(bone_arm_left) {transformation: [-0.9755f,-0.141f,-0.1691f,0.3089f,-0.1416f,0.9899f,-0.0084f,1.3873f,0.1685f,0.0158f,-0.9856f,-0.0172f,0f,0f,0f,1f],start_interpolation: 0,interpolation_duration: 1}
$data merge entity $(bone_body) {transformation: [-1f,-0.0086f,0f,0.0119f,-0.0086f,1f,-0.0017f,0.7503f,0f,-0.0017f,-1f,0f,0f,0f,0f,1f],start_interpolation: 0,interpolation_duration: 1}
$data merge entity $(bone_leg_left) {transformation: [-0.9924f,-0.0575f,0.1087f,0.1371f,-0.0572f,0.9983f,0.0059f,0.6875f,-0.1089f,-0.0004f,-0.9941f,-0.0001f,0f,0f,0f,1f],start_interpolation: 0,interpolation_duration: 1}
$data merge entity $(bone_leg_right) {transformation: [-0.989f,0.0602f,-0.1354f,-0.1133f,0.0597f,0.9982f,0.0077f,0.6877f,0.1357f,-0.0005f,-0.9908f,0f,0f,0f,0f,1f],start_interpolation: 0,interpolation_duration: 1}