# This file was generated by Animated Java via MC-Build. It is not recommended to edit this file directly.
$data merge entity $(bone_hair) {transformation: [-0.9997f,0f,-0.0232f,0.0169f,0f,1f,0f,1.5119f,0.0232f,0f,-0.9997f,0f,0f,0f,0f,1f],start_interpolation: 0,interpolation_duration: 1}
$data merge entity $(bone_head) {transformation: [-0.9997f,0f,-0.0232f,0.0169f,0f,1f,0f,1.5103f,0.0232f,0f,-0.9997f,0f,0f,0f,0f,1f],start_interpolation: 0,interpolation_duration: 1}
$data merge entity $(bone_arm_right) {transformation: [-0.919f,0.0291f,0.3933f,-0.2807f,0.0997f,0.982f,0.1603f,1.4478f,-0.3815f,0.1865f,-0.9053f,-0.1005f,0f,0f,0f,1f],start_interpolation: 0,interpolation_duration: 1}
$data merge entity $(bone_arm_left) {transformation: [-0.993f,-0.0855f,0.0814f,0.3145f,-0.0999f,0.9761f,-0.1929f,1.4478f,-0.0629f,-0.1997f,-0.9778f,0.1005f,0f,0f,0f,1f],start_interpolation: 0,interpolation_duration: 1}
$data merge entity $(bone_body) {transformation: [-0.975f,0f,0.2221f,0.0169f,0f,1f,0f,0.7603f,-0.2221f,0f,-0.975f,0f,0f,0f,0f,1f],start_interpolation: 0,interpolation_duration: 1}
$data merge entity $(bone_leg_left) {transformation: [-0.9998f,-0.0172f,0.0029f,0.1419f,-0.0165f,0.9851f,0.171f,0.6953f,-0.0058f,0.171f,-0.9853f,-0.0362f,0f,0f,0f,1f],start_interpolation: 0,interpolation_duration: 1}
$data merge entity $(bone_leg_right) {transformation: [-0.9991f,-0.0411f,-0.0063f,-0.1081f,-0.0409f,0.9986f,-0.0337f,0.7794f,0.0076f,-0.0335f,-0.9994f,0.1716f,0f,0f,0f,1f],start_interpolation: 0,interpolation_duration: 1}