# This file was generated by Animated Java via MC-Build. It is not recommended to edit this file directly.
$data merge entity $(bone_hat) {transformation: [-1f,0f,0f,0f,0f,0.9988f,-0.0491f,0.9525f,0f,-0.0491f,-0.9988f,-0.0576f,0f,0f,0f,1f],start_interpolation: 0,interpolation_duration: 1}
$data merge entity $(bone_head) {transformation: [-1f,0f,0f,0f,0f,0.9988f,-0.0491f,0.7683f,0f,-0.0491f,-0.9988f,0.0141f,0f,0f,0f,1f],start_interpolation: 0,interpolation_duration: 1}
$data merge entity $(bone_arm_right) {transformation: [-0.9584f,0.0795f,0.2742f,-0.1875f,0.083f,0.9965f,0.0013f,0.7059f,-0.2731f,0.024f,-0.9617f,0.0102f,0f,0f,0f,1f],start_interpolation: 0,interpolation_duration: 1}
$data merge entity $(bone_arm_left) {transformation: [-0.9623f,-0.0756f,-0.2613f,0.1875f,-0.0897f,0.9951f,0.0424f,0.7059f,0.2568f,0.0642f,-0.9643f,0.0102f,0f,0f,0f,1f],start_interpolation: 0,interpolation_duration: 1}
$data merge entity $(bone_body) {transformation: [-1f,0f,0f,0f,0f,0.9981f,0.0617f,0.2692f,0f,0.0617f,-0.9981f,-0.0167f,0f,0f,0f,1f],start_interpolation: 0,interpolation_duration: 1}
$data merge entity $(bone_leg_left) {transformation: [-1f,0f,0f,0.125f,0f,1f,0.0078f,0.3069f,0f,0.0078f,-1f,0.0028f,0f,0f,0f,1f],start_interpolation: 0,interpolation_duration: 1}
$data merge entity $(bone_leg_right) {transformation: [-1f,0f,0f,-0.125f,0f,1f,0.0078f,0.3069f,0f,0.0078f,-1f,0.0028f,0f,0f,0f,1f],start_interpolation: 0,interpolation_duration: 1}