# This file was generated by Animated Java via MC-Build. It is not recommended to edit this file directly.
$data merge entity $(bone_hat) {transformation: [-1f,0f,0f,0f,0f,0.999f,-0.0454f,0.9507f,0f,-0.0454f,-0.999f,-0.0562f,0f,0f,0f,1f],start_interpolation: 0,interpolation_duration: 1}
$data merge entity $(bone_head) {transformation: [-1f,0f,0f,0f,0f,0.999f,-0.0454f,0.7662f,0f,-0.0454f,-0.999f,0.0147f,0f,0f,0f,1f],start_interpolation: 0,interpolation_duration: 1}
$data merge entity $(bone_arm_right) {transformation: [-0.9573f,0.0792f,0.2779f,-0.1875f,0.0848f,0.9964f,0.0082f,0.7038f,-0.2762f,0.0314f,-0.9606f,0.0107f,0f,0f,0f,1f],start_interpolation: 0,interpolation_duration: 1}
$data merge entity $(bone_arm_left) {transformation: [-0.9609f,-0.0755f,-0.2664f,0.1875f,-0.0907f,0.9949f,0.0449f,0.7038f,0.2617f,0.0673f,-0.9628f,0.0107f,0f,0f,0f,1f],start_interpolation: 0,interpolation_duration: 1}
$data merge entity $(bone_body) {transformation: [-1f,0f,0f,0f,0f,0.9979f,0.0645f,0.2673f,0f,0.0645f,-0.9979f,-0.0175f,0f,0f,0f,1f],start_interpolation: 0,interpolation_duration: 1}
$data merge entity $(bone_leg_left) {transformation: [-1f,0f,0f,0.125f,0f,1f,0.0081f,0.3067f,0f,0.0081f,-1f,0.0029f,0f,0f,0f,1f],start_interpolation: 0,interpolation_duration: 1}
$data merge entity $(bone_leg_right) {transformation: [-1f,0f,0f,-0.125f,0f,1f,0.0081f,0.3067f,0f,0.0081f,-1f,0.0029f,0f,0f,0f,1f],start_interpolation: 0,interpolation_duration: 1}