# This file was generated by Animated Java via MC-Build. It is not recommended to edit this file directly.
$data merge entity $(bone_hat) {transformation: [-1f,0f,0f,0f,0f,0.9992f,-0.0406f,0.9492f,0f,-0.0406f,-0.9992f,-0.0547f,0f,0f,0f,1f],start_interpolation: 0,interpolation_duration: 1}
$data merge entity $(bone_head) {transformation: [-1f,0f,0f,0f,0f,0.9992f,-0.0406f,0.7644f,0f,-0.0406f,-0.9992f,0.0153f,0f,0f,0f,1f],start_interpolation: 0,interpolation_duration: 1}
$data merge entity $(bone_arm_right) {transformation: [-0.9566f,0.0786f,0.2806f,-0.1875f,0.0866f,0.9961f,0.016f,0.7021f,-0.2782f,0.0396f,-0.9597f,0.0111f,0f,0f,0f,1f],start_interpolation: 0,interpolation_duration: 1}
$data merge entity $(bone_arm_left) {transformation: [-0.9597f,-0.0754f,-0.2708f,0.1875f,-0.0916f,0.9947f,0.0474f,0.7021f,0.2658f,0.0703f,-0.9615f,0.0111f,0f,0f,0f,1f],start_interpolation: 0,interpolation_duration: 1}
$data merge entity $(bone_body) {transformation: [-1f,0f,0f,0f,0f,0.9978f,0.0669f,0.2656f,0f,0.0669f,-0.9978f,-0.0181f,0f,0f,0f,1f],start_interpolation: 0,interpolation_duration: 1}
$data merge entity $(bone_leg_left) {transformation: [-1f,0f,0f,0.125f,0f,1f,0.0085f,0.3064f,0f,0.0085f,-1f,0.003f,0f,0f,0f,1f],start_interpolation: 0,interpolation_duration: 1}
$data merge entity $(bone_leg_right) {transformation: [-1f,0f,0f,-0.125f,0f,1f,0.0085f,0.3064f,0f,0.0085f,-1f,0.003f,0f,0f,0f,1f],start_interpolation: 0,interpolation_duration: 1}