# This file was generated by Animated Java via MC-Build. It is not recommended to edit this file directly.
$data merge entity $(bone_hat) {transformation: [-1f,0f,0f,0f,0f,0.9992f,0.0408f,0.9651f,0f,0.0408f,-0.9992f,-0.0331f,0f,0f,0f,1f],start_interpolation: 0,interpolation_duration: 1}
$data merge entity $(bone_head) {transformation: [-1f,0f,0f,0f,0f,0.9992f,0.0408f,0.7753f,0f,0.0408f,-0.9992f,0.0217f,0f,0f,0f,1f],start_interpolation: 0,interpolation_duration: 1}
$data merge entity $(bone_arm_right) {transformation: [-0.9675f,0.0694f,0.2431f,-0.1875f,0.0915f,0.9925f,0.0809f,0.7129f,-0.2357f,0.1005f,-0.9666f,0.0173f,0f,0f,0f,1f],start_interpolation: 0,interpolation_duration: 1}
$data merge entity $(bone_arm_left) {transformation: [-0.9672f,-0.0695f,-0.2442f,0.1875f,-0.091f,0.9928f,0.0777f,0.7129f,0.237f,0.0973f,-0.9666f,0.0173f,0f,0f,0f,1f],start_interpolation: 0,interpolation_duration: 1}
$data merge entity $(bone_body) {transformation: [-1f,0f,0f,0f,0f,0.9974f,0.0717f,0.2765f,0f,0.0717f,-0.9974f,-0.0141f,0f,0f,0f,1f],start_interpolation: 0,interpolation_duration: 1}
$data merge entity $(bone_leg_left) {transformation: [-1f,0f,0f,0.125f,0f,1f,0.0065f,0.308f,0f,0.0065f,-1f,0.0023f,0f,0f,0f,1f],start_interpolation: 0,interpolation_duration: 1}
$data merge entity $(bone_leg_right) {transformation: [-1f,0f,0f,-0.125f,0f,1f,0.0065f,0.308f,0f,0.0065f,-1f,0.0023f,0f,0f,0f,1f],start_interpolation: 0,interpolation_duration: 1}