# This file was generated by Animated Java via MC-Build. It is not recommended to edit this file directly.
$data merge entity $(bone_hat) {transformation: [-1f,0f,0f,0f,0f,0.998f,0.0632f,1.0004f,0f,0.0632f,-0.998f,-0.0362f,0f,0f,0f,1f],start_interpolation: 0,interpolation_duration: 1}
$data merge entity $(bone_head) {transformation: [-1f,0f,0f,0f,0f,0.998f,0.0632f,0.8093f,0f,0.0632f,-0.998f,0.0143f,0f,0f,0f,1f],start_interpolation: 0,interpolation_duration: 1}
$data merge entity $(bone_arm_right) {transformation: [-0.9851f,0.0695f,0.1571f,-0.1875f,0.0794f,0.9952f,0.0573f,0.7469f,-0.1523f,0.0689f,-0.9859f,0.0124f,0f,0f,0f,1f],start_interpolation: 0,interpolation_duration: 1}
$data merge entity $(bone_arm_left) {transformation: [-0.985f,-0.0694f,-0.1578f,0.1875f,-0.079f,0.9954f,0.0551f,0.7469f,0.1532f,0.0668f,-0.9859f,0.0124f,0f,0f,0f,1f],start_interpolation: 0,interpolation_duration: 1}
$data merge entity $(bone_body) {transformation: [-1f,0f,0f,0f,0f,0.9995f,0.0315f,0.3096f,0f,0.0315f,-0.9995f,-0.0014f,0f,0f,0f,1f],start_interpolation: 0,interpolation_duration: 1}
$data merge entity $(bone_leg_left) {transformation: [-1f,0f,0f,0.125f,0f,1f,0.0006f,0.3123f,0f,0.0006f,-1f,0.0001f,0f,0f,0f,1f],start_interpolation: 0,interpolation_duration: 1}
$data merge entity $(bone_leg_right) {transformation: [-1f,0f,0f,-0.125f,0f,1f,0.0006f,0.3123f,0f,0.0006f,-1f,0.0001f,0f,0f,0f,1f],start_interpolation: 0,interpolation_duration: 1}