# This file was generated by Animated Java via MC-Build. It is not recommended to edit this file directly.
$data merge entity $(bone_hat) {transformation: [-0.9999f,0f,-0.0157f,-0.0056f,0f,1f,0f,1.455f,0.0157f,0f,-0.9999f,0f,0f,0f,0f,1f],start_interpolation: 0,interpolation_duration: 1}
$data merge entity $(bone_head) {transformation: [-0.9999f,0f,-0.0157f,-0.0056f,0f,1f,0f,1.4534f,0.0157f,0f,-0.9999f,0f,0f,0f,0f,1f],start_interpolation: 0,interpolation_duration: 1}
$data merge entity $(bone_arm_right) {transformation: [-0.9245f,-0.0527f,0.3776f,-0.2992f,0.0733f,0.9474f,0.3116f,1.3909f,-0.3742f,0.3157f,-0.872f,-0.1222f,0f,0f,0f,1f],start_interpolation: 0,interpolation_duration: 1}
$data merge entity $(bone_arm_left) {transformation: [-0.9958f,-0.0507f,0.0766f,0.288f,-0.0736f,0.9395f,-0.3346f,1.3909f,-0.055f,-0.3388f,-0.9392f,0.1222f,0f,0f,0f,1f],start_interpolation: 0,interpolation_duration: 1}
$data merge entity $(bone_body) {transformation: [-0.9786f,0f,0.2059f,-0.0056f,0f,1f,0f,0.7034f,-0.2059f,0f,-0.9786f,0f,0f,0f,0f,1f],start_interpolation: 0,interpolation_duration: 1}
$data merge entity $(bone_leg_left) {transformation: [-0.9989f,-0.0459f,0.0043f,0.1194f,-0.0394f,0.8982f,0.4378f,0.6295f,-0.024f,0.4371f,-0.8991f,-0.0525f,0f,0f,0f,1f],start_interpolation: 0,interpolation_duration: 1}
$data merge entity $(bone_leg_right) {transformation: [-0.9999f,-0.0105f,-0.0004f,-0.1306f,-0.0099f,0.9535f,-0.3013f,0.6464f,0.0036f,-0.3012f,-0.9535f,0.0689f,0f,0f,0f,1f],start_interpolation: 0,interpolation_duration: 1}