# This file was generated by Animated Java via MC-Build. It is not recommended to edit this file directly.
$data merge entity $(bone_hat) {transformation: [-0.9989f,0f,-0.0471f,0.0113f,0f,1f,0f,1.4397f,0.0471f,0f,-0.9989f,0f,0f,0f,0f,1f],start_interpolation: 0,interpolation_duration: 1}
$data merge entity $(bone_head) {transformation: [-0.9989f,0f,-0.0471f,0.0113f,0f,1f,0f,1.4381f,0.0471f,0f,-0.9989f,0f,0f,0f,0f,1f],start_interpolation: 0,interpolation_duration: 1}
$data merge entity $(bone_arm_right) {transformation: [-0.9954f,0.0939f,0.0174f,-0.2948f,0.0858f,0.9597f,-0.2676f,1.3756f,-0.0418f,-0.2649f,-0.9634f,0.0784f,0f,0f,0f,1f],start_interpolation: 0,interpolation_duration: 1}
$data merge entity $(bone_arm_left) {transformation: [-0.9554f,-0.0109f,-0.2952f,0.3173f,-0.0853f,0.967f,0.2402f,1.3756f,0.2828f,0.2547f,-0.9248f,-0.0784f,0f,0f,0f,1f],start_interpolation: 0,interpolation_duration: 1}
$data merge entity $(bone_body) {transformation: [-0.9946f,0f,-0.1038f,0.0113f,0f,1f,0f,0.6881f,0.1038f,0f,-0.9946f,0f,0f,0f,0f,1f],start_interpolation: 0,interpolation_duration: 1}
$data merge entity $(bone_leg_left) {transformation: [-0.9999f,-0.0069f,0.0092f,0.1362f,-0.0085f,0.9803f,-0.1972f,0.6444f,-0.0077f,-0.1972f,-0.9803f,0.0791f,0f,0f,0f,1f],start_interpolation: 0,interpolation_duration: 1}
$data merge entity $(bone_leg_right) {transformation: [-0.9994f,0.0325f,-0.0109f,-0.1137f,0.0229f,0.8701f,0.4923f,0.6134f,0.0255f,0.4918f,-0.8704f,-0.0203f,0f,0f,0f,1f],start_interpolation: 0,interpolation_duration: 1}