# This file was generated by Animated Java via MC-Build. It is not recommended to edit this file directly.
$data merge entity $(bone_hat) {transformation: [-0.9999f,0f,-0.0142f,0.0056f,0f,1f,0f,1.4842f,0.0142f,0f,-0.9999f,0f,0f,0f,0f,1f],start_interpolation: 0,interpolation_duration: 1}
$data merge entity $(bone_head) {transformation: [-0.9999f,0f,-0.0142f,0.0056f,0f,1f,0f,1.4826f,0.0142f,0f,-0.9999f,0f,0f,0f,0f,1f],start_interpolation: 0,interpolation_duration: 1}
$data merge entity $(bone_arm_right) {transformation: [-0.9039f,-0.058f,0.4237f,-0.2821f,0.0761f,0.9531f,0.2928f,1.4201f,-0.4209f,0.297f,-0.8571f,-0.1341f,0f,0f,0f,1f],start_interpolation: 0,interpolation_duration: 1}
$data merge entity $(bone_arm_left) {transformation: [-0.9915f,-0.0383f,0.1247f,0.2933f,-0.0764f,0.9454f,-0.3169f,1.4201f,-0.1057f,-0.3237f,-0.9402f,0.1341f,0f,0f,0f,1f],start_interpolation: 0,interpolation_duration: 1}
$data merge entity $(bone_body) {transformation: [-0.9665f,0f,0.2566f,0.0056f,0f,1f,0f,0.7326f,-0.2566f,0f,-0.9665f,0f,0f,0f,0f,1f],start_interpolation: 0,interpolation_duration: 1}
$data merge entity $(bone_leg_left) {transformation: [-0.9994f,-0.0342f,0.0004f,0.1306f,-0.0326f,0.9575f,0.2866f,0.6702f,-0.0102f,0.2864f,-0.9581f,-0.0592f,0f,0f,0f,1f],start_interpolation: 0,interpolation_duration: 1}
$data merge entity $(bone_leg_right) {transformation: [-0.9998f,-0.0178f,0.0004f,-0.1194f,-0.0172f,0.9606f,-0.2774f,0.6931f,0.0046f,-0.2773f,-0.9608f,0.0951f,0f,0f,0f,1f],start_interpolation: 0,interpolation_duration: 1}