# This file was generated by Animated Java via MC-Build. It is not recommended to edit this file directly.
$data merge entity $(bone_hair) {transformation: [-1f,0f,0f,0f,0f,1f,-0.0023f,1.5013f,0f,-0.0023f,-1f,-0.0434f,0f,0f,0f,1f],start_interpolation: 0,interpolation_duration: 1}
$data merge entity $(bone_head) {transformation: [-1f,0f,0f,0f,0f,1f,-0.0023f,1.4998f,0f,-0.0023f,-1f,-0.0434f,0f,0f,0f,1f],start_interpolation: 0,interpolation_duration: 1}
$data merge entity $(bone_arm_right1) {transformation: [-0.9955f,0.0764f,-0.0561f,-0.4655f,0.0921f,0.6378f,-0.7647f,1.0643f,-0.0227f,-0.7664f,-0.642f,-0.0576f,0f,0f,0f,1f],start_interpolation: 0,interpolation_duration: 1}
$data merge entity $(bone_arm_right) {transformation: [-0.9955f,0.0915f,0.0249f,-0.3125f,0.0921f,0.9955f,0.0231f,1.3639f,-0.0227f,0.0253f,-0.9994f,-0.0469f,0f,0f,0f,1f],start_interpolation: 0,interpolation_duration: 1}
$data merge entity $(bone_arm_left1) {transformation: [-0.9955f,-0.0673f,0.0668f,0.4655f,-0.0921f,0.5178f,-0.8506f,1.0643f,0.0227f,-0.8529f,-0.5216f,-0.0576f,0f,0f,0f,1f],start_interpolation: 0,interpolation_duration: 1}
$data merge entity $(bone_arm_left) {transformation: [-0.9955f,-0.0915f,-0.0249f,0.3125f,-0.0921f,0.9955f,0.0231f,1.3639f,0.0227f,0.0253f,-0.9994f,-0.0469f,0f,0f,0f,1f],start_interpolation: 0,interpolation_duration: 1}
$data merge entity $(bone_body) {transformation: [-1f,0f,0f,0f,0f,0.9997f,0.0254f,0.75f,0f,0.0254f,-0.9997f,-0.0625f,0f,0f,0f,1f],start_interpolation: 0,interpolation_duration: 1}