# This file was generated by Animated Java via MC-Build. It is not recommended to edit this file directly.
$data merge entity $(bone_hair) {transformation: [-1f,0f,0f,0f,0f,0.9997f,0.0233f,1.5015f,0f,0.0233f,-0.9997f,-0.0559f,0f,0f,0f,1f],start_interpolation: 0,interpolation_duration: 1}
$data merge entity $(bone_head) {transformation: [-1f,0f,0f,0f,0f,0.9997f,0.0233f,1.5f,0f,0.0233f,-0.9997f,-0.056f,0f,0f,0f,1f],start_interpolation: 0,interpolation_duration: 1}
$data merge entity $(bone_arm_right1) {transformation: [-0.9954f,0.079f,-0.0541f,-0.4655f,0.0917f,0.6247f,-0.7755f,1.0645f,-0.0275f,-0.7769f,-0.6291f,-0.0633f,0f,0f,0f,1f],start_interpolation: 0,interpolation_duration: 1}
$data merge entity $(bone_arm_right) {transformation: [-0.9954f,0.0915f,0.0282f,-0.3125f,0.0917f,0.9958f,0.0061f,1.3642f,-0.0275f,0.0087f,-0.9996f,-0.0571f,0f,0f,0f,1f],start_interpolation: 0,interpolation_duration: 1}
$data merge entity $(bone_arm_left1) {transformation: [-0.9954f,-0.0702f,0.0651f,0.4655f,-0.0917f,0.5032f,-0.8593f,1.0645f,0.0275f,-0.8613f,-0.5073f,-0.0633f,0f,0f,0f,1f],start_interpolation: 0,interpolation_duration: 1}
$data merge entity $(bone_arm_left) {transformation: [-0.9954f,-0.0915f,-0.0282f,0.3125f,-0.0917f,0.9958f,0.0061f,1.3642f,0.0275f,0.0087f,-0.9996f,-0.0571f,0f,0f,0f,1f],start_interpolation: 0,interpolation_duration: 1}
$data merge entity $(bone_body) {transformation: [-1f,0f,0f,0f,0f,1f,0.0087f,0.75f,0f,0.0087f,-1f,-0.0625f,0f,0f,0f,1f],start_interpolation: 0,interpolation_duration: 1}