# This file was generated by Animated Java via MC-Build. It is not recommended to edit this file directly.
$data merge entity $(bone_hair) {transformation: [-1f,0f,0f,0f,0f,0.9997f,0.0261f,1.5015f,0f,0.0261f,-0.9997f,-0.0575f,0f,0f,0f,1f],start_interpolation: 0,interpolation_duration: 1}
$data merge entity $(bone_head) {transformation: [-1f,0f,0f,0f,0f,0.9997f,0.0261f,1.5f,0f,0.0261f,-0.9997f,-0.0575f,0f,0f,0f,1f],start_interpolation: 0,interpolation_duration: 1}
$data merge entity $(bone_arm_right1) {transformation: [-0.9954f,0.0801f,-0.0532f,-0.4655f,0.0917f,0.623f,-0.7769f,1.0646f,-0.0291f,-0.7781f,-0.6274f,-0.0641f,0f,0f,0f,1f],start_interpolation: 0,interpolation_duration: 1}
$data merge entity $(bone_arm_right) {transformation: [-0.9954f,0.0915f,0.0296f,-0.3125f,0.0917f,0.9958f,0.0039f,1.3643f,-0.0291f,0.0066f,-0.9996f,-0.0584f,0f,0f,0f,1f],start_interpolation: 0,interpolation_duration: 1}
$data merge entity $(bone_arm_left1) {transformation: [-0.9954f,-0.0714f,0.0644f,0.4655f,-0.0917f,0.5013f,-0.8604f,1.0646f,0.0291f,-0.8623f,-0.5055f,-0.0641f,0f,0f,0f,1f],start_interpolation: 0,interpolation_duration: 1}
$data merge entity $(bone_arm_left) {transformation: [-0.9954f,-0.0915f,-0.0296f,0.3125f,-0.0917f,0.9958f,0.0039f,1.3643f,0.0291f,0.0066f,-0.9996f,-0.0584f,0f,0f,0f,1f],start_interpolation: 0,interpolation_duration: 1}
$data merge entity $(bone_body) {transformation: [-1f,0f,0f,0f,0f,1f,0.0066f,0.75f,0f,0.0066f,-1f,-0.0625f,0f,0f,0f,1f],start_interpolation: 0,interpolation_duration: 1}