# This file was generated by Animated Java via MC-Build. It is not recommended to edit this file directly.
$data merge entity $(bone_hair) {transformation: [-1f,0f,0f,0f,0f,0.9996f,0.0287f,1.5016f,0f,0.0287f,-0.9996f,-0.0589f,0f,0f,0f,1f],start_interpolation: 0,interpolation_duration: 1}
$data merge entity $(bone_head) {transformation: [-1f,0f,0f,0f,0f,0.9996f,0.0287f,1.5f,0f,0.0287f,-0.9996f,-0.059f,0f,0f,0f,1f],start_interpolation: 0,interpolation_duration: 1}
$data merge entity $(bone_arm_right1) {transformation: [-0.9953f,0.0813f,-0.0523f,-0.4655f,0.0916f,0.6213f,-0.7782f,1.0646f,-0.0308f,-0.7793f,-0.6259f,-0.0649f,0f,0f,0f,1f],start_interpolation: 0,interpolation_duration: 1}
$data merge entity $(bone_arm_right) {transformation: [-0.9953f,0.0915f,0.0311f,-0.3125f,0.0916f,0.9958f,0.0018f,1.3643f,-0.0308f,0.0047f,-0.9995f,-0.0596f,0f,0f,0f,1f],start_interpolation: 0,interpolation_duration: 1}
$data merge entity $(bone_arm_left1) {transformation: [-0.9953f,-0.0727f,0.0637f,0.4655f,-0.0916f,0.4995f,-0.8615f,1.0646f,0.0308f,-0.8633f,-0.5038f,-0.0649f,0f,0f,0f,1f],start_interpolation: 0,interpolation_duration: 1}
$data merge entity $(bone_arm_left) {transformation: [-0.9953f,-0.0915f,-0.0311f,0.3125f,-0.0916f,0.9958f,0.0018f,1.3643f,0.0308f,0.0047f,-0.9995f,-0.0596f,0f,0f,0f,1f],start_interpolation: 0,interpolation_duration: 1}
$data merge entity $(bone_body) {transformation: [-1f,0f,0f,0f,0f,1f,0.0047f,0.75f,0f,0.0047f,-1f,-0.0625f,0f,0f,0f,1f],start_interpolation: 0,interpolation_duration: 1}