# This file was generated by Animated Java via MC-Build. It is not recommended to edit this file directly.
$data merge entity $(bone_hair) {transformation: [-1f,0f,0f,0f,0f,0.9995f,0.031f,1.5016f,0f,0.031f,-0.9995f,-0.0603f,0f,0f,0f,1f],start_interpolation: 0,interpolation_duration: 1}
$data merge entity $(bone_head) {transformation: [-1f,0f,0f,0f,0f,0.9995f,0.031f,1.5f,0f,0.031f,-0.9995f,-0.0603f,0f,0f,0f,1f],start_interpolation: 0,interpolation_duration: 1}
$data merge entity $(bone_arm_right1) {transformation: [-0.9953f,0.0825f,-0.0513f,-0.4655f,0.0915f,0.6198f,-0.7794f,1.0646f,-0.0325f,-0.7804f,-0.6244f,-0.0657f,0f,0f,0f,1f],start_interpolation: 0,interpolation_duration: 1}
$data merge entity $(bone_arm_right) {transformation: [-0.9953f,0.0915f,0.0326f,-0.3125f,0.0915f,0.9958f,-0.0001f,1.3643f,-0.0325f,0.0029f,-0.9995f,-0.0607f,0f,0f,0f,1f],start_interpolation: 0,interpolation_duration: 1}
$data merge entity $(bone_arm_left1) {transformation: [-0.9953f,-0.074f,0.0629f,0.4655f,-0.0915f,0.4978f,-0.8624f,1.0646f,0.0325f,-0.8641f,-0.5022f,-0.0657f,0f,0f,0f,1f],start_interpolation: 0,interpolation_duration: 1}
$data merge entity $(bone_arm_left) {transformation: [-0.9953f,-0.0915f,-0.0326f,0.3125f,-0.0915f,0.9958f,-0.0001f,1.3643f,0.0325f,0.0029f,-0.9995f,-0.0607f,0f,0f,0f,1f],start_interpolation: 0,interpolation_duration: 1}
$data merge entity $(bone_body) {transformation: [-1f,0f,0f,0f,0f,1f,0.0029f,0.75f,0f,0.0029f,-1f,-0.0625f,0f,0f,0f,1f],start_interpolation: 0,interpolation_duration: 1}