# This file was generated by Animated Java via MC-Build. It is not recommended to edit this file directly.
$data merge entity $(bone_hair) {transformation: [-1f,0f,0f,0f,0f,0.9995f,0.0331f,1.5016f,0f,0.0331f,-0.9995f,-0.0615f,0f,0f,0f,1f],start_interpolation: 0,interpolation_duration: 1}
$data merge entity $(bone_head) {transformation: [-1f,0f,0f,0f,0f,0.9995f,0.0331f,1.5f,0f,0.0331f,-0.9995f,-0.0615f,0f,0f,0f,1f],start_interpolation: 0,interpolation_duration: 1}
$data merge entity $(bone_arm_right1) {transformation: [-0.9952f,0.0837f,-0.0503f,-0.4655f,0.0915f,0.6185f,-0.7805f,1.0646f,-0.0342f,-0.7813f,-0.6232f,-0.0664f,0f,0f,0f,1f],start_interpolation: 0,interpolation_duration: 1}
$data merge entity $(bone_arm_right) {transformation: [-0.9952f,0.0915f,0.0342f,-0.3125f,0.0915f,0.9958f,-0.0018f,1.3644f,-0.0342f,0.0013f,-0.9994f,-0.0617f,0f,0f,0f,1f],start_interpolation: 0,interpolation_duration: 1}
$data merge entity $(bone_arm_left1) {transformation: [-0.9952f,-0.0754f,0.0621f,0.4655f,-0.0915f,0.4963f,-0.8633f,1.0646f,0.0342f,-0.8649f,-0.5008f,-0.0664f,0f,0f,0f,1f],start_interpolation: 0,interpolation_duration: 1}
$data merge entity $(bone_arm_left) {transformation: [-0.9952f,-0.0915f,-0.0342f,0.3125f,-0.0915f,0.9958f,-0.0018f,1.3644f,0.0342f,0.0013f,-0.9994f,-0.0617f,0f,0f,0f,1f],start_interpolation: 0,interpolation_duration: 1}
$data merge entity $(bone_body) {transformation: [-1f,0f,0f,0f,0f,1f,0.0013f,0.75f,0f,0.0013f,-1f,-0.0625f,0f,0f,0f,1f],start_interpolation: 0,interpolation_duration: 1}