# This file was generated by Animated Java via MC-Build. It is not recommended to edit this file directly.
$data merge entity $(bone_hair) {transformation: [-1f,0f,0f,0f,0f,0.9994f,0.0349f,1.5016f,0f,0.0349f,-0.9994f,-0.0624f,0f,0f,0f,1f],start_interpolation: 0,interpolation_duration: 1}
$data merge entity $(bone_head) {transformation: [-1f,0f,0f,0f,0f,0.9994f,0.0349f,1.5f,0f,0.0349f,-0.9994f,-0.0625f,0f,0f,0f,1f],start_interpolation: 0,interpolation_duration: 1}
$data merge entity $(bone_arm_right1) {transformation: [-0.9952f,0.085f,-0.0493f,-0.4655f,0.0914f,0.6173f,-0.7814f,1.0646f,-0.0359f,-0.7821f,-0.6221f,-0.067f,0f,0f,0f,1f],start_interpolation: 0,interpolation_duration: 1}
$data merge entity $(bone_arm_right) {transformation: [-0.9952f,0.0915f,0.0358f,-0.3125f,0.0914f,0.9958f,-0.0033f,1.3644f,-0.0359f,0f,-0.9994f,-0.0625f,0f,0f,0f,1f],start_interpolation: 0,interpolation_duration: 1}
$data merge entity $(bone_arm_left1) {transformation: [-0.9952f,-0.0768f,0.0613f,0.4655f,-0.0914f,0.4951f,-0.864f,1.0646f,0.0359f,-0.8655f,-0.4997f,-0.067f,0f,0f,0f,1f],start_interpolation: 0,interpolation_duration: 1}
$data merge entity $(bone_arm_left) {transformation: [-0.9952f,-0.0915f,-0.0358f,0.3125f,-0.0914f,0.9958f,-0.0033f,1.3644f,0.0359f,0f,-0.9994f,-0.0625f,0f,0f,0f,1f],start_interpolation: 0,interpolation_duration: 1}
$data merge entity $(bone_body) {transformation: [-1f,0f,0f,0f,0f,1f,0f,0.75f,0f,0f,-1f,-0.0625f,0f,0f,0f,1f],start_interpolation: 0,interpolation_duration: 1}