# This file was generated by Animated Java via MC-Build. It is not recommended to edit this file directly.
$data merge entity $(bone_hair) {transformation: [-1f,0f,0f,0f,0f,0.9993f,0.0365f,1.5016f,0f,0.0365f,-0.9993f,-0.0633f,0f,0f,0f,1f],start_interpolation: 0,interpolation_duration: 1}
$data merge entity $(bone_head) {transformation: [-1f,0f,0f,0f,0f,0.9993f,0.0365f,1.5f,0f,0.0365f,-0.9993f,-0.0634f,0f,0f,0f,1f],start_interpolation: 0,interpolation_duration: 1}
$data merge entity $(bone_arm_right1) {transformation: [-0.9951f,0.0864f,-0.0482f,-0.4655f,0.0914f,0.6163f,-0.7822f,1.0646f,-0.0378f,-0.7828f,-0.6212f,-0.0676f,0f,0f,0f,1f],start_interpolation: 0,interpolation_duration: 1}
$data merge entity $(bone_arm_right) {transformation: [-0.9951f,0.0915f,0.0376f,-0.3125f,0.0914f,0.9958f,-0.0046f,1.3644f,-0.0378f,-0.0012f,-0.9993f,-0.0632f,0f,0f,0f,1f],start_interpolation: 0,interpolation_duration: 1}
$data merge entity $(bone_arm_left1) {transformation: [-0.9951f,-0.0783f,0.0605f,0.4655f,-0.0914f,0.4939f,-0.8647f,1.0646f,0.0378f,-0.866f,-0.4986f,-0.0676f,0f,0f,0f,1f],start_interpolation: 0,interpolation_duration: 1}
$data merge entity $(bone_arm_left) {transformation: [-0.9951f,-0.0915f,-0.0376f,0.3125f,-0.0914f,0.9958f,-0.0046f,1.3644f,0.0378f,-0.0012f,-0.9993f,-0.0632f,0f,0f,0f,1f],start_interpolation: 0,interpolation_duration: 1}
$data merge entity $(bone_body) {transformation: [-1f,0f,0f,0f,0f,1f,-0.0012f,0.75f,0f,-0.0012f,-1f,-0.0625f,0f,0f,0f,1f],start_interpolation: 0,interpolation_duration: 1}