# This file was generated by Animated Java via MC-Build. It is not recommended to edit this file directly.
$data merge entity $(bone_hair) {transformation: [-1f,0f,0f,0f,0f,0.9993f,0.0382f,1.5016f,0f,0.0382f,-0.9993f,-0.0642f,0f,0f,0f,1f],start_interpolation: 0,interpolation_duration: 1}
$data merge entity $(bone_head) {transformation: [-1f,0f,0f,0f,0f,0.9993f,0.0382f,1.5f,0f,0.0382f,-0.9993f,-0.0642f,0f,0f,0f,1f],start_interpolation: 0,interpolation_duration: 1}
$data merge entity $(bone_arm_right1) {transformation: [-0.995f,0.088f,-0.0469f,-0.4655f,0.0913f,0.6152f,-0.783f,1.0646f,-0.0401f,-0.7834f,-0.6202f,-0.0682f,0f,0f,0f,1f],start_interpolation: 0,interpolation_duration: 1}
$data merge entity $(bone_arm_right) {transformation: [-0.995f,0.0915f,0.0397f,-0.3125f,0.0913f,0.9958f,-0.006f,1.3644f,-0.0401f,-0.0023f,-0.9992f,-0.0639f,0f,0f,0f,1f],start_interpolation: 0,interpolation_duration: 1}
$data merge entity $(bone_arm_left1) {transformation: [-0.995f,-0.0801f,0.0594f,0.4655f,-0.0913f,0.4927f,-0.8654f,1.0646f,0.0401f,-0.8665f,-0.4976f,-0.0682f,0f,0f,0f,1f],start_interpolation: 0,interpolation_duration: 1}
$data merge entity $(bone_arm_left) {transformation: [-0.995f,-0.0915f,-0.0397f,0.3125f,-0.0913f,0.9958f,-0.006f,1.3644f,0.0401f,-0.0023f,-0.9992f,-0.0639f,0f,0f,0f,1f],start_interpolation: 0,interpolation_duration: 1}
$data merge entity $(bone_body) {transformation: [-1f,0f,0f,0f,0f,1f,-0.0023f,0.75f,0f,-0.0023f,-1f,-0.0625f,0f,0f,0f,1f],start_interpolation: 0,interpolation_duration: 1}