# This file was generated by Animated Java via MC-Build. It is not recommended to edit this file directly.
$data merge entity $(bone_hair) {transformation: [-1f,0f,0f,0f,0f,0.9992f,0.0398f,1.5016f,0f,0.0398f,-0.9992f,-0.065f,0f,0f,0f,1f],start_interpolation: 0,interpolation_duration: 1}
$data merge entity $(bone_head) {transformation: [-1f,0f,0f,0f,0f,0.9992f,0.0398f,1.5f,0f,0.0398f,-0.9992f,-0.0651f,0f,0f,0f,1f],start_interpolation: 0,interpolation_duration: 1}
$data merge entity $(bone_arm_right1) {transformation: [-0.9949f,0.0899f,-0.0454f,-0.4655f,0.0913f,0.6142f,-0.7839f,1.0646f,-0.0426f,-0.784f,-0.6193f,-0.0689f,0f,0f,0f,1f],start_interpolation: 0,interpolation_duration: 1}
$data merge entity $(bone_arm_right) {transformation: [-0.9949f,0.0915f,0.0421f,-0.3125f,0.0913f,0.9958f,-0.0073f,1.3644f,-0.0426f,-0.0034f,-0.9991f,-0.0646f,0f,0f,0f,1f],start_interpolation: 0,interpolation_duration: 1}
$data merge entity $(bone_arm_left1) {transformation: [-0.9949f,-0.0823f,0.0582f,0.4655f,-0.0913f,0.4916f,-0.866f,1.0646f,0.0426f,-0.8669f,-0.4966f,-0.0689f,0f,0f,0f,1f],start_interpolation: 0,interpolation_duration: 1}
$data merge entity $(bone_arm_left) {transformation: [-0.9949f,-0.0915f,-0.0421f,0.3125f,-0.0913f,0.9958f,-0.0073f,1.3644f,0.0426f,-0.0034f,-0.9991f,-0.0646f,0f,0f,0f,1f],start_interpolation: 0,interpolation_duration: 1}
$data merge entity $(bone_body) {transformation: [-1f,0f,0f,0f,0f,1f,-0.0034f,0.75f,0f,-0.0034f,-1f,-0.0625f,0f,0f,0f,1f],start_interpolation: 0,interpolation_duration: 1}