# This file was generated by Animated Java via MC-Build. It is not recommended to edit this file directly.
$data merge entity $(bone_hair) {transformation: [-1f,0f,0f,0f,0f,0.9991f,0.0413f,1.5016f,0f,0.0413f,-0.9991f,-0.0658f,0f,0f,0f,1f],start_interpolation: 0,interpolation_duration: 1}
$data merge entity $(bone_head) {transformation: [-1f,0f,0f,0f,0f,0.9991f,0.0413f,1.5f,0f,0.0413f,-0.9991f,-0.0659f,0f,0f,0f,1f],start_interpolation: 0,interpolation_duration: 1}
$data merge entity $(bone_arm_right1) {transformation: [-0.9948f,0.092f,-0.0437f,-0.4654f,0.0912f,0.6132f,-0.7847f,1.0646f,-0.0454f,-0.7846f,-0.6184f,-0.0695f,0f,0f,0f,1f],start_interpolation: 0,interpolation_duration: 1}
$data merge entity $(bone_arm_right) {transformation: [-0.9948f,0.0915f,0.0448f,-0.3125f,0.0912f,0.9958f,-0.0086f,1.3644f,-0.0454f,-0.0045f,-0.999f,-0.0653f,0f,0f,0f,1f],start_interpolation: 0,interpolation_duration: 1}
$data merge entity $(bone_arm_left1) {transformation: [-0.9948f,-0.0846f,0.0568f,0.4654f,-0.0912f,0.4904f,-0.8667f,1.0646f,0.0454f,-0.8674f,-0.4956f,-0.0695f,0f,0f,0f,1f],start_interpolation: 0,interpolation_duration: 1}
$data merge entity $(bone_arm_left) {transformation: [-0.9948f,-0.0915f,-0.0448f,0.3125f,-0.0912f,0.9958f,-0.0086f,1.3644f,0.0454f,-0.0045f,-0.999f,-0.0653f,0f,0f,0f,1f],start_interpolation: 0,interpolation_duration: 1}
$data merge entity $(bone_body) {transformation: [-1f,0f,0f,0f,0f,1f,-0.0045f,0.75f,0f,-0.0045f,-1f,-0.0625f,0f,0f,0f,1f],start_interpolation: 0,interpolation_duration: 1}