# This file was generated by Animated Java via MC-Build. It is not recommended to edit this file directly.
$data merge entity $(bone_hair) {transformation: [-1f,0f,0f,0f,0f,1f,0f,1.5013f,0f,0f,-1f,-0.0443f,0f,0f,0f,1f],start_interpolation: 0,interpolation_duration: 1}
$data merge entity $(bone_head) {transformation: [-1f,0f,0f,0f,0f,1f,0f,1.4998f,0f,0f,-1f,-0.0443f,0f,0f,0f,1f],start_interpolation: 0,interpolation_duration: 1}
$data merge entity $(bone_arm_right1) {transformation: [-0.9955f,0.0758f,-0.0566f,-0.4655f,0.092f,0.637f,-0.7654f,1.0643f,-0.022f,-0.7671f,-0.6411f,-0.0579f,0f,0f,0f,1f],start_interpolation: 0,interpolation_duration: 1}
$data merge entity $(bone_arm_right) {transformation: [-0.9955f,0.0915f,0.0241f,-0.3125f,0.092f,0.9955f,0.0221f,1.3639f,-0.022f,0.0242f,-0.9995f,-0.0476f,0f,0f,0f,1f],start_interpolation: 0,interpolation_duration: 1}
$data merge entity $(bone_arm_left1) {transformation: [-0.9955f,-0.0666f,0.0672f,0.4655f,-0.092f,0.5169f,-0.8511f,1.0643f,0.022f,-0.8535f,-0.5207f,-0.0579f,0f,0f,0f,1f],start_interpolation: 0,interpolation_duration: 1}
$data merge entity $(bone_arm_left) {transformation: [-0.9955f,-0.0915f,-0.0241f,0.3125f,-0.092f,0.9955f,0.0221f,1.3639f,0.022f,0.0242f,-0.9995f,-0.0476f,0f,0f,0f,1f],start_interpolation: 0,interpolation_duration: 1}
$data merge entity $(bone_body) {transformation: [-1f,0f,0f,0f,0f,0.9997f,0.0243f,0.75f,0f,0.0243f,-0.9997f,-0.0625f,0f,0f,0f,1f],start_interpolation: 0,interpolation_duration: 1}