# This file was generated by Animated Java via MC-Build. It is not recommended to edit this file directly.
$data merge entity $(bone_hair) {transformation: [-1f,0f,0f,0f,0f,0.9991f,0.0428f,1.5015f,0f,0.0428f,-0.9991f,-0.0666f,0f,0f,0f,1f],start_interpolation: 0,interpolation_duration: 1}
$data merge entity $(bone_head) {transformation: [-1f,0f,0f,0f,0f,0.9991f,0.0428f,1.5f,0f,0.0428f,-0.9991f,-0.0666f,0f,0f,0f,1f],start_interpolation: 0,interpolation_duration: 1}
$data merge entity $(bone_arm_right1) {transformation: [-0.9947f,0.0943f,-0.0419f,-0.4654f,0.0911f,0.6122f,-0.7855f,1.0646f,-0.0484f,-0.7851f,-0.6175f,-0.0702f,0f,0f,0f,1f],start_interpolation: 0,interpolation_duration: 1}
$data merge entity $(bone_arm_right) {transformation: [-0.9947f,0.0915f,0.0477f,-0.3125f,0.0911f,0.9958f,-0.0099f,1.3644f,-0.0484f,-0.0055f,-0.9988f,-0.0659f,0f,0f,0f,1f],start_interpolation: 0,interpolation_duration: 1}
$data merge entity $(bone_arm_left1) {transformation: [-0.9947f,-0.087f,0.0554f,0.4654f,-0.0911f,0.4893f,-0.8673f,1.0646f,0.0484f,-0.8677f,-0.4947f,-0.0702f,0f,0f,0f,1f],start_interpolation: 0,interpolation_duration: 1}
$data merge entity $(bone_arm_left) {transformation: [-0.9947f,-0.0915f,-0.0477f,0.3125f,-0.0911f,0.9958f,-0.0099f,1.3644f,0.0484f,-0.0055f,-0.9988f,-0.0659f,0f,0f,0f,1f],start_interpolation: 0,interpolation_duration: 1}
$data merge entity $(bone_body) {transformation: [-1f,0f,0f,0f,0f,1f,-0.0055f,0.75f,0f,-0.0055f,-1f,-0.0625f,0f,0f,0f,1f],start_interpolation: 0,interpolation_duration: 1}