# This file was generated by Animated Java via MC-Build. It is not recommended to edit this file directly.
$data merge entity $(bone_hair) {transformation: [-1f,0f,0f,0f,0f,0.999f,0.0441f,1.5015f,0f,0.0441f,-0.999f,-0.0672f,0f,0f,0f,1f],start_interpolation: 0,interpolation_duration: 1}
$data merge entity $(bone_head) {transformation: [-1f,0f,0f,0f,0f,0.999f,0.0441f,1.5f,0f,0.0441f,-0.999f,-0.0673f,0f,0f,0f,1f],start_interpolation: 0,interpolation_duration: 1}
$data merge entity $(bone_arm_right1) {transformation: [-0.9945f,0.0966f,-0.0401f,-0.4654f,0.0911f,0.6112f,-0.7862f,1.0646f,-0.0514f,-0.7855f,-0.6167f,-0.0709f,0f,0f,0f,1f],start_interpolation: 0,interpolation_duration: 1}
$data merge entity $(bone_arm_right) {transformation: [-0.9945f,0.0915f,0.0506f,-0.3125f,0.0911f,0.9958f,-0.0111f,1.3644f,-0.0514f,-0.0064f,-0.9987f,-0.0664f,0f,0f,0f,1f],start_interpolation: 0,interpolation_duration: 1}
$data merge entity $(bone_arm_left1) {transformation: [-0.9945f,-0.0896f,0.0539f,0.4654f,-0.0911f,0.4883f,-0.8679f,1.0646f,0.0514f,-0.8681f,-0.4938f,-0.0709f,0f,0f,0f,1f],start_interpolation: 0,interpolation_duration: 1}
$data merge entity $(bone_arm_left) {transformation: [-0.9945f,-0.0915f,-0.0506f,0.3125f,-0.0911f,0.9958f,-0.0111f,1.3644f,0.0514f,-0.0064f,-0.9987f,-0.0664f,0f,0f,0f,1f],start_interpolation: 0,interpolation_duration: 1}
$data merge entity $(bone_body) {transformation: [-1f,0f,0f,0f,0f,1f,-0.0064f,0.75f,0f,-0.0064f,-1f,-0.0625f,0f,0f,0f,1f],start_interpolation: 0,interpolation_duration: 1}