# This file was generated by Animated Java via MC-Build. It is not recommended to edit this file directly.
$data merge entity $(bone_hair) {transformation: [-1f,0f,0f,0f,0f,0.999f,0.0453f,1.5015f,0f,0.0453f,-0.999f,-0.0679f,0f,0f,0f,1f],start_interpolation: 0,interpolation_duration: 1}
$data merge entity $(bone_head) {transformation: [-1f,0f,0f,0f,0f,0.999f,0.0453f,1.5f,0f,0.0453f,-0.999f,-0.0679f,0f,0f,0f,1f],start_interpolation: 0,interpolation_duration: 1}
$data merge entity $(bone_arm_right1) {transformation: [-0.9944f,0.099f,-0.0382f,-0.4654f,0.091f,0.6104f,-0.7869f,1.0646f,-0.0546f,-0.7859f,-0.6159f,-0.0715f,0f,0f,0f,1f],start_interpolation: 0,interpolation_duration: 1}
$data merge entity $(bone_arm_right) {transformation: [-0.9944f,0.0915f,0.0537f,-0.3125f,0.091f,0.9958f,-0.0122f,1.3644f,-0.0546f,-0.0072f,-0.9985f,-0.067f,0f,0f,0f,1f],start_interpolation: 0,interpolation_duration: 1}
$data merge entity $(bone_arm_left1) {transformation: [-0.9944f,-0.0922f,0.0524f,0.4654f,-0.091f,0.4873f,-0.8685f,1.0646f,0.0546f,-0.8683f,-0.493f,-0.0715f,0f,0f,0f,1f],start_interpolation: 0,interpolation_duration: 1}
$data merge entity $(bone_arm_left) {transformation: [-0.9944f,-0.0915f,-0.0537f,0.3125f,-0.091f,0.9958f,-0.0122f,1.3644f,0.0546f,-0.0072f,-0.9985f,-0.067f,0f,0f,0f,1f],start_interpolation: 0,interpolation_duration: 1}
$data merge entity $(bone_body) {transformation: [-1f,0f,0f,0f,0f,1f,-0.0073f,0.75f,0f,-0.0073f,-1f,-0.0625f,0f,0f,0f,1f],start_interpolation: 0,interpolation_duration: 1}