# This file was generated by Animated Java via MC-Build. It is not recommended to edit this file directly.
$data merge entity $(bone_hair) {transformation: [-1f,0f,0f,0f,0f,0.9989f,0.0462f,1.5015f,0f,0.0462f,-0.9989f,-0.0684f,0f,0f,0f,1f],start_interpolation: 0,interpolation_duration: 1}
$data merge entity $(bone_head) {transformation: [-1f,0f,0f,0f,0f,0.9989f,0.0462f,1.5f,0f,0.0462f,-0.9989f,-0.0685f,0f,0f,0f,1f],start_interpolation: 0,interpolation_duration: 1}
$data merge entity $(bone_arm_right1) {transformation: [-0.9942f,0.1014f,-0.0363f,-0.4654f,0.0909f,0.6096f,-0.7875f,1.0646f,-0.0577f,-0.7862f,-0.6152f,-0.0721f,0f,0f,0f,1f],start_interpolation: 0,interpolation_duration: 1}
$data merge entity $(bone_arm_right) {transformation: [-0.9942f,0.0915f,0.0567f,-0.3125f,0.0909f,0.9958f,-0.0132f,1.3644f,-0.0577f,-0.008f,-0.9983f,-0.0674f,0f,0f,0f,1f],start_interpolation: 0,interpolation_duration: 1}
$data merge entity $(bone_arm_left1) {transformation: [-0.9942f,-0.0949f,0.0509f,0.4654f,-0.0909f,0.4865f,-0.869f,1.0646f,0.0577f,-0.8685f,-0.4923f,-0.0721f,0f,0f,0f,1f],start_interpolation: 0,interpolation_duration: 1}
$data merge entity $(bone_arm_left) {transformation: [-0.9942f,-0.0915f,-0.0567f,0.3125f,-0.0909f,0.9958f,-0.0132f,1.3644f,0.0577f,-0.008f,-0.9983f,-0.0674f,0f,0f,0f,1f],start_interpolation: 0,interpolation_duration: 1}
$data merge entity $(bone_body) {transformation: [-1f,0f,0f,0f,0f,1f,-0.008f,0.75f,0f,-0.008f,-1f,-0.0625f,0f,0f,0f,1f],start_interpolation: 0,interpolation_duration: 1}