# This file was generated by Animated Java via MC-Build. It is not recommended to edit this file directly.
$data merge entity $(bone_hair) {transformation: [-1f,0f,0f,0f,0f,0.9989f,0.0469f,1.5015f,0f,0.0469f,-0.9989f,-0.0689f,0f,0f,0f,1f],start_interpolation: 0,interpolation_duration: 1}
$data merge entity $(bone_head) {transformation: [-1f,0f,0f,0f,0f,0.9989f,0.0469f,1.5f,0f,0.0469f,-0.9989f,-0.0689f,0f,0f,0f,1f],start_interpolation: 0,interpolation_duration: 1}
$data merge entity $(bone_arm_right1) {transformation: [-0.994f,0.1037f,-0.0344f,-0.4653f,0.0908f,0.6089f,-0.788f,1.0645f,-0.0608f,-0.7865f,-0.6146f,-0.0727f,0f,0f,0f,1f],start_interpolation: 0,interpolation_duration: 1}
$data merge entity $(bone_arm_right) {transformation: [-0.994f,0.0915f,0.0597f,-0.3125f,0.0908f,0.9958f,-0.0141f,1.3644f,-0.0608f,-0.0086f,-0.9981f,-0.0678f,0f,0f,0f,1f],start_interpolation: 0,interpolation_duration: 1}
$data merge entity $(bone_arm_left1) {transformation: [-0.994f,-0.0975f,0.0494f,0.4653f,-0.0908f,0.4857f,-0.8694f,1.0645f,0.0608f,-0.8687f,-0.4917f,-0.0727f,0f,0f,0f,1f],start_interpolation: 0,interpolation_duration: 1}
$data merge entity $(bone_arm_left) {transformation: [-0.994f,-0.0915f,-0.0597f,0.3125f,-0.0908f,0.9958f,-0.0141f,1.3644f,0.0608f,-0.0086f,-0.9981f,-0.0678f,0f,0f,0f,1f],start_interpolation: 0,interpolation_duration: 1}
$data merge entity $(bone_body) {transformation: [-1f,0f,0f,0f,0f,1f,-0.0086f,0.75f,0f,-0.0086f,-1f,-0.0625f,0f,0f,0f,1f],start_interpolation: 0,interpolation_duration: 1}