# This file was generated by Animated Java via MC-Build. It is not recommended to edit this file directly.
$data merge entity $(bone_hair) {transformation: [-1f,0f,0f,0f,0f,0.9989f,0.0473f,1.5015f,0f,0.0473f,-0.9989f,-0.0692f,0f,0f,0f,1f],start_interpolation: 0,interpolation_duration: 1}
$data merge entity $(bone_head) {transformation: [-1f,0f,0f,0f,0f,0.9989f,0.0473f,1.5f,0f,0.0473f,-0.9989f,-0.0693f,0f,0f,0f,1f],start_interpolation: 0,interpolation_duration: 1}
$data merge entity $(bone_arm_right1) {transformation: [-0.9938f,0.106f,-0.0326f,-0.4653f,0.0907f,0.6083f,-0.7885f,1.0645f,-0.0637f,-0.7866f,-0.6142f,-0.0732f,0f,0f,0f,1f],start_interpolation: 0,interpolation_duration: 1}
$data merge entity $(bone_arm_right) {transformation: [-0.9938f,0.0915f,0.0627f,-0.3125f,0.0907f,0.9958f,-0.0148f,1.3644f,-0.0637f,-0.009f,-0.9979f,-0.0681f,0f,0f,0f,1f],start_interpolation: 0,interpolation_duration: 1}
$data merge entity $(bone_arm_left1) {transformation: [-0.9938f,-0.1f,0.0479f,0.4653f,-0.0907f,0.4851f,-0.8698f,1.0645f,0.0637f,-0.8687f,-0.4912f,-0.0732f,0f,0f,0f,1f],start_interpolation: 0,interpolation_duration: 1}
$data merge entity $(bone_arm_left) {transformation: [-0.9938f,-0.0915f,-0.0627f,0.3125f,-0.0907f,0.9958f,-0.0148f,1.3644f,0.0637f,-0.009f,-0.9979f,-0.0681f,0f,0f,0f,1f],start_interpolation: 0,interpolation_duration: 1}
$data merge entity $(bone_body) {transformation: [-1f,0f,0f,0f,0f,1f,-0.009f,0.75f,0f,-0.009f,-1f,-0.0625f,0f,0f,0f,1f],start_interpolation: 0,interpolation_duration: 1}