# This file was generated by Animated Java via MC-Build. It is not recommended to edit this file directly.
$data merge entity $(bone_hair) {transformation: [-1f,0f,0f,0f,0f,0.9989f,0.0474f,1.5015f,0f,0.0474f,-0.9989f,-0.0694f,0f,0f,0f,1f],start_interpolation: 0,interpolation_duration: 1}
$data merge entity $(bone_head) {transformation: [-1f,0f,0f,0f,0f,0.9989f,0.0474f,1.5f,0f,0.0474f,-0.9989f,-0.0695f,0f,0f,0f,1f],start_interpolation: 0,interpolation_duration: 1}
$data merge entity $(bone_arm_right1) {transformation: [-0.9937f,0.1082f,-0.0309f,-0.4653f,0.0907f,0.6079f,-0.7888f,1.0645f,-0.0665f,-0.7866f,-0.6138f,-0.0737f,0f,0f,0f,1f],start_interpolation: 0,interpolation_duration: 1}
$data merge entity $(bone_arm_right) {transformation: [-0.9937f,0.0915f,0.0654f,-0.3125f,0.0907f,0.9958f,-0.0153f,1.3644f,-0.0665f,-0.0093f,-0.9977f,-0.0682f,0f,0f,0f,1f],start_interpolation: 0,interpolation_duration: 1}
$data merge entity $(bone_arm_left1) {transformation: [-0.9937f,-0.1024f,0.0465f,0.4653f,-0.0907f,0.4846f,-0.87f,1.0645f,0.0665f,-0.8687f,-0.4908f,-0.0737f,0f,0f,0f,1f],start_interpolation: 0,interpolation_duration: 1}
$data merge entity $(bone_arm_left) {transformation: [-0.9937f,-0.0915f,-0.0654f,0.3125f,-0.0907f,0.9958f,-0.0153f,1.3644f,0.0665f,-0.0093f,-0.9977f,-0.0682f,0f,0f,0f,1f],start_interpolation: 0,interpolation_duration: 1}
$data merge entity $(bone_body) {transformation: [-1f,0f,0f,0f,0f,1f,-0.0094f,0.75f,0f,-0.0094f,-1f,-0.0625f,0f,0f,0f,1f],start_interpolation: 0,interpolation_duration: 1}