# This file was generated by Animated Java via MC-Build. It is not recommended to edit this file directly.
$data merge entity $(bone_hair) {transformation: [-1f,0f,0f,0f,0f,0.9989f,0.0471f,1.5015f,0f,0.0471f,-0.9989f,-0.0695f,0f,0f,0f,1f],start_interpolation: 0,interpolation_duration: 1}
$data merge entity $(bone_head) {transformation: [-1f,0f,0f,0f,0f,0.9989f,0.0471f,1.5f,0f,0.0471f,-0.9989f,-0.0696f,0f,0f,0f,1f],start_interpolation: 0,interpolation_duration: 1}
$data merge entity $(bone_arm_right1) {transformation: [-0.9935f,0.1102f,-0.0293f,-0.4653f,0.0906f,0.6076f,-0.7891f,1.0645f,-0.0691f,-0.7866f,-0.6136f,-0.074f,0f,0f,0f,1f],start_interpolation: 0,interpolation_duration: 1}
$data merge entity $(bone_arm_right) {transformation: [-0.9935f,0.0915f,0.068f,-0.3125f,0.0906f,0.9958f,-0.0157f,1.3644f,-0.0691f,-0.0095f,-0.9976f,-0.0683f,0f,0f,0f,1f],start_interpolation: 0,interpolation_duration: 1}
$data merge entity $(bone_arm_left1) {transformation: [-0.9935f,-0.1046f,0.0453f,0.4653f,-0.0906f,0.4843f,-0.8702f,1.0645f,0.0691f,-0.8686f,-0.4906f,-0.074f,0f,0f,0f,1f],start_interpolation: 0,interpolation_duration: 1}
$data merge entity $(bone_arm_left) {transformation: [-0.9935f,-0.0915f,-0.068f,0.3125f,-0.0906f,0.9958f,-0.0157f,1.3644f,0.0691f,-0.0095f,-0.9976f,-0.0683f,0f,0f,0f,1f],start_interpolation: 0,interpolation_duration: 1}
$data merge entity $(bone_body) {transformation: [-1f,0f,0f,0f,0f,1f,-0.0095f,0.75f,0f,-0.0095f,-1f,-0.0625f,0f,0f,0f,1f],start_interpolation: 0,interpolation_duration: 1}