# This file was generated by Animated Java via MC-Build. It is not recommended to edit this file directly.
$data merge entity $(bone_hair) {transformation: [-1f,0f,0f,0f,0f,0.9989f,0.0464f,1.5015f,0f,0.0464f,-0.9989f,-0.0695f,0f,0f,0f,1f],start_interpolation: 0,interpolation_duration: 1}
$data merge entity $(bone_head) {transformation: [-1f,0f,0f,0f,0f,0.9989f,0.0464f,1.5f,0f,0.0464f,-0.9989f,-0.0696f,0f,0f,0f,1f],start_interpolation: 0,interpolation_duration: 1}
$data merge entity $(bone_arm_right1) {transformation: [-0.9933f,0.1119f,-0.0279f,-0.4653f,0.0906f,0.6075f,-0.7892f,1.0645f,-0.0714f,-0.7864f,-0.6135f,-0.0743f,0f,0f,0f,1f],start_interpolation: 0,interpolation_duration: 1}
$data merge entity $(bone_arm_right) {transformation: [-0.9933f,0.0915f,0.0703f,-0.3125f,0.0906f,0.9958f,-0.0159f,1.3644f,-0.0714f,-0.0094f,-0.9974f,-0.0683f,0f,0f,0f,1f],start_interpolation: 0,interpolation_duration: 1}
$data merge entity $(bone_arm_left1) {transformation: [-0.9933f,-0.1066f,0.0441f,0.4653f,-0.0906f,0.4841f,-0.8703f,1.0645f,0.0714f,-0.8685f,-0.4906f,-0.0743f,0f,0f,0f,1f],start_interpolation: 0,interpolation_duration: 1}
$data merge entity $(bone_arm_left) {transformation: [-0.9933f,-0.0915f,-0.0703f,0.3125f,-0.0906f,0.9958f,-0.0159f,1.3644f,0.0714f,-0.0094f,-0.9974f,-0.0683f,0f,0f,0f,1f],start_interpolation: 0,interpolation_duration: 1}
$data merge entity $(bone_body) {transformation: [-1f,0f,0f,0f,0f,1f,-0.0094f,0.75f,0f,-0.0094f,-1f,-0.0625f,0f,0f,0f,1f],start_interpolation: 0,interpolation_duration: 1}