# This file was generated by Animated Java via MC-Build. It is not recommended to edit this file directly.
$data merge entity $(bone_hair) {transformation: [-1f,0f,0f,0f,0f,0.999f,0.0453f,1.5015f,0f,0.0453f,-0.999f,-0.0693f,0f,0f,0f,1f],start_interpolation: 0,interpolation_duration: 1}
$data merge entity $(bone_head) {transformation: [-1f,0f,0f,0f,0f,0.999f,0.0453f,1.5f,0f,0.0453f,-0.999f,-0.0694f,0f,0f,0f,1f],start_interpolation: 0,interpolation_duration: 1}
$data merge entity $(bone_arm_right1) {transformation: [-0.9932f,0.1135f,-0.0267f,-0.4652f,0.0906f,0.6075f,-0.7891f,1.0645f,-0.0734f,-0.7862f,-0.6136f,-0.0745f,0f,0f,0f,1f],start_interpolation: 0,interpolation_duration: 1}
$data merge entity $(bone_arm_right) {transformation: [-0.9932f,0.0915f,0.0722f,-0.3125f,0.0906f,0.9958f,-0.0158f,1.3643f,-0.0734f,-0.0092f,-0.9973f,-0.0681f,0f,0f,0f,1f],start_interpolation: 0,interpolation_duration: 1}
$data merge entity $(bone_arm_left1) {transformation: [-0.9932f,-0.1083f,0.0431f,0.4652f,-0.0906f,0.4842f,-0.8703f,1.0645f,0.0734f,-0.8682f,-0.4907f,-0.0745f,0f,0f,0f,1f],start_interpolation: 0,interpolation_duration: 1}
$data merge entity $(bone_arm_left) {transformation: [-0.9932f,-0.0915f,-0.0722f,0.3125f,-0.0906f,0.9958f,-0.0158f,1.3643f,0.0734f,-0.0092f,-0.9973f,-0.0681f,0f,0f,0f,1f],start_interpolation: 0,interpolation_duration: 1}
$data merge entity $(bone_body) {transformation: [-1f,0f,0f,0f,0f,1f,-0.0092f,0.75f,0f,-0.0092f,-1f,-0.0625f,0f,0f,0f,1f],start_interpolation: 0,interpolation_duration: 1}