# This file was generated by Animated Java via MC-Build. It is not recommended to edit this file directly.
$data merge entity $(bone_hair) {transformation: [-1f,0f,0f,0f,0f,1f,0.0026f,1.5014f,0f,0.0026f,-1f,-0.0453f,0f,0f,0f,1f],start_interpolation: 0,interpolation_duration: 1}
$data merge entity $(bone_head) {transformation: [-1f,0f,0f,0f,0f,1f,0.0026f,1.4998f,0f,0.0026f,-1f,-0.0453f,0f,0f,0f,1f],start_interpolation: 0,interpolation_duration: 1}
$data merge entity $(bone_arm_right1) {transformation: [-0.9955f,0.0755f,-0.0569f,-0.4655f,0.092f,0.636f,-0.7662f,1.0643f,-0.0217f,-0.768f,-0.6401f,-0.0583f,0f,0f,0f,1f],start_interpolation: 0,interpolation_duration: 1}
$data merge entity $(bone_arm_right) {transformation: [-0.9955f,0.0915f,0.0237f,-0.3125f,0.092f,0.9955f,0.0207f,1.3639f,-0.0217f,0.0228f,-0.9995f,-0.0484f,0f,0f,0f,1f],start_interpolation: 0,interpolation_duration: 1}
$data merge entity $(bone_arm_left1) {transformation: [-0.9955f,-0.0662f,0.0674f,0.4655f,-0.092f,0.5157f,-0.8518f,1.0643f,0.0217f,-0.8542f,-0.5195f,-0.0583f,0f,0f,0f,1f],start_interpolation: 0,interpolation_duration: 1}
$data merge entity $(bone_arm_left) {transformation: [-0.9955f,-0.0915f,-0.0237f,0.3125f,-0.092f,0.9955f,0.0207f,1.3639f,0.0217f,0.0228f,-0.9995f,-0.0484f,0f,0f,0f,1f],start_interpolation: 0,interpolation_duration: 1}
$data merge entity $(bone_body) {transformation: [-1f,0f,0f,0f,0f,0.9997f,0.0229f,0.75f,0f,0.0229f,-0.9997f,-0.0625f,0f,0f,0f,1f],start_interpolation: 0,interpolation_duration: 1}