# This file was generated by Animated Java via MC-Build. It is not recommended to edit this file directly.
$data merge entity $(bone_hair) {transformation: [-1f,0f,0f,0f,0f,0.999f,0.0436f,1.5015f,0f,0.0436f,-0.999f,-0.069f,0f,0f,0f,1f],start_interpolation: 0,interpolation_duration: 1}
$data merge entity $(bone_head) {transformation: [-1f,0f,0f,0f,0f,0.999f,0.0436f,1.5f,0f,0.0436f,-0.999f,-0.069f,0f,0f,0f,1f],start_interpolation: 0,interpolation_duration: 1}
$data merge entity $(bone_arm_right1) {transformation: [-0.9931f,0.1147f,-0.0257f,-0.4652f,0.0906f,0.6078f,-0.7889f,1.0645f,-0.0749f,-0.7858f,-0.6139f,-0.0745f,0f,0f,0f,1f],start_interpolation: 0,interpolation_duration: 1}
$data merge entity $(bone_arm_right) {transformation: [-0.9931f,0.0915f,0.0738f,-0.3125f,0.0906f,0.9958f,-0.0155f,1.3644f,-0.0749f,-0.0087f,-0.9972f,-0.0679f,0f,0f,0f,1f],start_interpolation: 0,interpolation_duration: 1}
$data merge entity $(bone_arm_left1) {transformation: [-0.9931f,-0.1097f,0.0423f,0.4652f,-0.0906f,0.4845f,-0.8701f,1.0645f,0.0749f,-0.8679f,-0.4911f,-0.0745f,0f,0f,0f,1f],start_interpolation: 0,interpolation_duration: 1}
$data merge entity $(bone_arm_left) {transformation: [-0.9931f,-0.0915f,-0.0738f,0.3125f,-0.0906f,0.9958f,-0.0155f,1.3644f,0.0749f,-0.0087f,-0.9972f,-0.0679f,0f,0f,0f,1f],start_interpolation: 0,interpolation_duration: 1}
$data merge entity $(bone_body) {transformation: [-1f,0f,0f,0f,0f,1f,-0.0087f,0.75f,0f,-0.0087f,-1f,-0.0625f,0f,0f,0f,1f],start_interpolation: 0,interpolation_duration: 1}