# This file was generated by Animated Java via MC-Build. It is not recommended to edit this file directly.
$data merge entity $(bone_hair) {transformation: [-1f,0f,0f,0f,0f,0.9991f,0.0412f,1.5015f,0f,0.0412f,-0.9991f,-0.0684f,0f,0f,0f,1f],start_interpolation: 0,interpolation_duration: 1}
$data merge entity $(bone_head) {transformation: [-1f,0f,0f,0f,0f,0.9991f,0.0412f,1.5f,0f,0.0412f,-0.9991f,-0.0685f,0f,0f,0f,1f],start_interpolation: 0,interpolation_duration: 1}
$data merge entity $(bone_arm_right1) {transformation: [-0.993f,0.1158f,-0.0248f,-0.4652f,0.0906f,0.6083f,-0.7885f,1.0645f,-0.0762f,-0.7852f,-0.6145f,-0.0744f,0f,0f,0f,1f],start_interpolation: 0,interpolation_duration: 1}
$data merge entity $(bone_arm_right) {transformation: [-0.993f,0.0915f,0.0751f,-0.3125f,0.0906f,0.9958f,-0.0148f,1.3644f,-0.0762f,-0.0079f,-0.9971f,-0.0674f,0f,0f,0f,1f],start_interpolation: 0,interpolation_duration: 1}
$data merge entity $(bone_arm_left1) {transformation: [-0.993f,-0.1108f,0.0417f,0.4652f,-0.0906f,0.485f,-0.8698f,1.0645f,0.0762f,-0.8674f,-0.4917f,-0.0744f,0f,0f,0f,1f],start_interpolation: 0,interpolation_duration: 1}
$data merge entity $(bone_arm_left) {transformation: [-0.993f,-0.0915f,-0.0751f,0.3125f,-0.0906f,0.9958f,-0.0148f,1.3644f,0.0762f,-0.0079f,-0.9971f,-0.0674f,0f,0f,0f,1f],start_interpolation: 0,interpolation_duration: 1}
$data merge entity $(bone_body) {transformation: [-1f,0f,0f,0f,0f,1f,-0.008f,0.75f,0f,-0.008f,-1f,-0.0625f,0f,0f,0f,1f],start_interpolation: 0,interpolation_duration: 1}