# This file was generated by Animated Java via MC-Build. It is not recommended to edit this file directly.
$data merge entity $(bone_hair) {transformation: [-1f,0f,0f,0f,0f,0.9993f,0.038f,1.5015f,0f,0.038f,-0.9993f,-0.0676f,0f,0f,0f,1f],start_interpolation: 0,interpolation_duration: 1}
$data merge entity $(bone_head) {transformation: [-1f,0f,0f,0f,0f,0.9993f,0.038f,1.5f,0f,0.038f,-0.9993f,-0.0676f,0f,0f,0f,1f],start_interpolation: 0,interpolation_duration: 1}
$data merge entity $(bone_arm_right1) {transformation: [-0.9929f,0.1167f,-0.0241f,-0.4652f,0.0907f,0.6091f,-0.7879f,1.0645f,-0.0773f,-0.7845f,-0.6153f,-0.0742f,0f,0f,0f,1f],start_interpolation: 0,interpolation_duration: 1}
$data merge entity $(bone_arm_right) {transformation: [-0.9929f,0.0915f,0.0764f,-0.3125f,0.0907f,0.9958f,-0.0138f,1.3644f,-0.0773f,-0.0068f,-0.997f,-0.0667f,0f,0f,0f,1f],start_interpolation: 0,interpolation_duration: 1}
$data merge entity $(bone_arm_left1) {transformation: [-0.9929f,-0.1119f,0.041f,0.4652f,-0.0907f,0.4859f,-0.8693f,1.0645f,0.0773f,-0.8668f,-0.4926f,-0.0742f,0f,0f,0f,1f],start_interpolation: 0,interpolation_duration: 1}
$data merge entity $(bone_arm_left) {transformation: [-0.9929f,-0.0915f,-0.0764f,0.3125f,-0.0907f,0.9958f,-0.0138f,1.3644f,0.0773f,-0.0068f,-0.997f,-0.0667f,0f,0f,0f,1f],start_interpolation: 0,interpolation_duration: 1}
$data merge entity $(bone_body) {transformation: [-1f,0f,0f,0f,0f,1f,-0.0068f,0.75f,0f,-0.0068f,-1f,-0.0625f,0f,0f,0f,1f],start_interpolation: 0,interpolation_duration: 1}