# This file was generated by Animated Java via MC-Build. It is not recommended to edit this file directly.
$data merge entity $(bone_hair) {transformation: [-1f,0f,0f,0f,0f,0.9994f,0.034f,1.5016f,0f,0.034f,-0.9994f,-0.0665f,0f,0f,0f,1f],start_interpolation: 0,interpolation_duration: 1}
$data merge entity $(bone_head) {transformation: [-1f,0f,0f,0f,0f,0.9994f,0.034f,1.5f,0f,0.034f,-0.9994f,-0.0666f,0f,0f,0f,1f],start_interpolation: 0,interpolation_duration: 1}
$data merge entity $(bone_arm_right1) {transformation: [-0.9928f,0.1176f,-0.0233f,-0.4652f,0.0908f,0.6101f,-0.7871f,1.0645f,-0.0784f,-0.7836f,-0.6163f,-0.0739f,0f,0f,0f,1f],start_interpolation: 0,interpolation_duration: 1}
$data merge entity $(bone_arm_right) {transformation: [-0.9928f,0.0915f,0.0775f,-0.3125f,0.0908f,0.9958f,-0.0126f,1.3644f,-0.0784f,-0.0054f,-0.9969f,-0.0658f,0f,0f,0f,1f],start_interpolation: 0,interpolation_duration: 1}
$data merge entity $(bone_arm_left1) {transformation: [-0.9928f,-0.1129f,0.0405f,0.4652f,-0.0908f,0.487f,-0.8687f,1.0645f,0.0784f,-0.8661f,-0.4938f,-0.0739f,0f,0f,0f,1f],start_interpolation: 0,interpolation_duration: 1}
$data merge entity $(bone_arm_left) {transformation: [-0.9928f,-0.0915f,-0.0775f,0.3125f,-0.0908f,0.9958f,-0.0126f,1.3644f,0.0784f,-0.0054f,-0.9969f,-0.0658f,0f,0f,0f,1f],start_interpolation: 0,interpolation_duration: 1}
$data merge entity $(bone_body) {transformation: [-1f,0f,0f,0f,0f,1f,-0.0054f,0.75f,0f,-0.0054f,-1f,-0.0625f,0f,0f,0f,1f],start_interpolation: 0,interpolation_duration: 1}