# This file was generated by Animated Java via MC-Build. It is not recommended to edit this file directly.
$data merge entity $(bone_hair) {transformation: [-1f,0f,0f,0f,0f,0.9996f,0.0293f,1.5016f,0f,0.0293f,-0.9996f,-0.0653f,0f,0f,0f,1f],start_interpolation: 0,interpolation_duration: 1}
$data merge entity $(bone_head) {transformation: [-1f,0f,0f,0f,0f,0.9996f,0.0293f,1.5f,0f,0.0293f,-0.9996f,-0.0653f,0f,0f,0f,1f],start_interpolation: 0,interpolation_duration: 1}
$data merge entity $(bone_arm_right1) {transformation: [-0.9927f,0.1185f,-0.0227f,-0.4652f,0.0909f,0.6113f,-0.7862f,1.0646f,-0.0793f,-0.7825f,-0.6176f,-0.0736f,0f,0f,0f,1f],start_interpolation: 0,interpolation_duration: 1}
$data merge entity $(bone_arm_right) {transformation: [-0.9927f,0.0915f,0.0786f,-0.3125f,0.0909f,0.9958f,-0.011f,1.3644f,-0.0793f,-0.0038f,-0.9968f,-0.0648f,0f,0f,0f,1f],start_interpolation: 0,interpolation_duration: 1}
$data merge entity $(bone_arm_left1) {transformation: [-0.9927f,-0.1138f,0.04f,0.4652f,-0.0909f,0.4884f,-0.8679f,1.0646f,0.0793f,-0.8652f,-0.4952f,-0.0736f,0f,0f,0f,1f],start_interpolation: 0,interpolation_duration: 1}
$data merge entity $(bone_arm_left) {transformation: [-0.9927f,-0.0915f,-0.0786f,0.3125f,-0.0909f,0.9958f,-0.011f,1.3644f,0.0793f,-0.0038f,-0.9968f,-0.0648f,0f,0f,0f,1f],start_interpolation: 0,interpolation_duration: 1}
$data merge entity $(bone_body) {transformation: [-1f,0f,0f,0f,0f,1f,-0.0038f,0.75f,0f,-0.0038f,-1f,-0.0625f,0f,0f,0f,1f],start_interpolation: 0,interpolation_duration: 1}