# This file was generated by Animated Java via MC-Build. It is not recommended to edit this file directly.
$data merge entity $(bone_hair) {transformation: [-1f,0f,0f,0f,0f,0.9997f,0.0242f,1.5016f,0f,0.0242f,-0.9997f,-0.0639f,0f,0f,0f,1f],start_interpolation: 0,interpolation_duration: 1}
$data merge entity $(bone_head) {transformation: [-1f,0f,0f,0f,0f,0.9997f,0.0242f,1.5f,0f,0.0242f,-0.9997f,-0.064f,0f,0f,0f,1f],start_interpolation: 0,interpolation_duration: 1}
$data merge entity $(bone_arm_right1) {transformation: [-0.9926f,0.1192f,-0.0221f,-0.4652f,0.0911f,0.6127f,-0.7851f,1.0646f,-0.08f,-0.7813f,-0.619f,-0.0731f,0f,0f,0f,1f],start_interpolation: 0,interpolation_duration: 1}
$data merge entity $(bone_arm_right) {transformation: [-0.9926f,0.0915f,0.0795f,-0.3125f,0.0911f,0.9958f,-0.0092f,1.3644f,-0.08f,-0.0019f,-0.9968f,-0.0637f,0f,0f,0f,1f],start_interpolation: 0,interpolation_duration: 1}
$data merge entity $(bone_arm_left1) {transformation: [-0.9926f,-0.1146f,0.0395f,0.4652f,-0.0911f,0.4899f,-0.867f,1.0646f,0.08f,-0.8642f,-0.4967f,-0.0731f,0f,0f,0f,1f],start_interpolation: 0,interpolation_duration: 1}
$data merge entity $(bone_arm_left) {transformation: [-0.9926f,-0.0915f,-0.0795f,0.3125f,-0.0911f,0.9958f,-0.0092f,1.3644f,0.08f,-0.0019f,-0.9968f,-0.0637f,0f,0f,0f,1f],start_interpolation: 0,interpolation_duration: 1}
$data merge entity $(bone_body) {transformation: [-1f,0f,0f,0f,0f,1f,-0.0019f,0.75f,0f,-0.0019f,-1f,-0.0625f,0f,0f,0f,1f],start_interpolation: 0,interpolation_duration: 1}