# This file was generated by Animated Java via MC-Build. It is not recommended to edit this file directly.
$data merge entity $(bone_hair) {transformation: [-1f,0f,0f,0f,0f,0.9998f,0.0188f,1.5016f,0f,0.0188f,-0.9998f,-0.0624f,0f,0f,0f,1f],start_interpolation: 0,interpolation_duration: 1}
$data merge entity $(bone_head) {transformation: [-1f,0f,0f,0f,0f,0.9998f,0.0188f,1.5f,0f,0.0188f,-0.9998f,-0.0624f,0f,0f,0f,1f],start_interpolation: 0,interpolation_duration: 1}
$data merge entity $(bone_arm_right1) {transformation: [-0.9926f,0.1197f,-0.0217f,-0.4652f,0.0912f,0.6142f,-0.7839f,1.0646f,-0.0805f,-0.78f,-0.6205f,-0.0725f,0f,0f,0f,1f],start_interpolation: 0,interpolation_duration: 1}
$data merge entity $(bone_arm_right) {transformation: [-0.9926f,0.0915f,0.0802f,-0.3125f,0.0912f,0.9958f,-0.0073f,1.3644f,-0.0805f,0.0001f,-0.9968f,-0.0625f,0f,0f,0f,1f],start_interpolation: 0,interpolation_duration: 1}
$data merge entity $(bone_arm_left1) {transformation: [-0.9926f,-0.1152f,0.0391f,0.4652f,-0.0912f,0.4916f,-0.866f,1.0646f,0.0805f,-0.8632f,-0.4984f,-0.0725f,0f,0f,0f,1f],start_interpolation: 0,interpolation_duration: 1}
$data merge entity $(bone_arm_left) {transformation: [-0.9926f,-0.0915f,-0.0802f,0.3125f,-0.0912f,0.9958f,-0.0073f,1.3644f,0.0805f,0.0001f,-0.9968f,-0.0625f,0f,0f,0f,1f],start_interpolation: 0,interpolation_duration: 1}
$data merge entity $(bone_body) {transformation: [-1f,0f,0f,0f,0f,1f,0.0001f,0.75f,0f,0.0001f,-1f,-0.0625f,0f,0f,0f,1f],start_interpolation: 0,interpolation_duration: 1}