# This file was generated by Animated Java via MC-Build. It is not recommended to edit this file directly.
$data merge entity $(bone_hair) {transformation: [-1f,0f,0f,0f,0f,0.9999f,0.0132f,1.5016f,0f,0.0132f,-0.9999f,-0.0608f,0f,0f,0f,1f],start_interpolation: 0,interpolation_duration: 1}
$data merge entity $(bone_head) {transformation: [-1f,0f,0f,0f,0f,0.9999f,0.0132f,1.5f,0f,0.0132f,-0.9999f,-0.0609f,0f,0f,0f,1f],start_interpolation: 0,interpolation_duration: 1}
$data merge entity $(bone_arm_right1) {transformation: [-0.9925f,0.1202f,-0.0213f,-0.4652f,0.0914f,0.6158f,-0.7826f,1.0646f,-0.0809f,-0.7787f,-0.6222f,-0.072f,0f,0f,0f,1f],start_interpolation: 0,interpolation_duration: 1}
$data merge entity $(bone_arm_right) {transformation: [-0.9925f,0.0915f,0.0808f,-0.3125f,0.0914f,0.9958f,-0.0052f,1.3644f,-0.0809f,0.0022f,-0.9967f,-0.0612f,0f,0f,0f,1f],start_interpolation: 0,interpolation_duration: 1}
$data merge entity $(bone_arm_left1) {transformation: [-0.9925f,-0.1157f,0.0389f,0.4652f,-0.0914f,0.4934f,-0.865f,1.0646f,0.0809f,-0.8621f,-0.5002f,-0.072f,0f,0f,0f,1f],start_interpolation: 0,interpolation_duration: 1}
$data merge entity $(bone_arm_left) {transformation: [-0.9925f,-0.0915f,-0.0808f,0.3125f,-0.0914f,0.9958f,-0.0052f,1.3644f,0.0809f,0.0022f,-0.9967f,-0.0612f,0f,0f,0f,1f],start_interpolation: 0,interpolation_duration: 1}
$data merge entity $(bone_body) {transformation: [-1f,0f,0f,0f,0f,1f,0.0022f,0.75f,0f,0.0022f,-1f,-0.0625f,0f,0f,0f,1f],start_interpolation: 0,interpolation_duration: 1}