# This file was generated by Animated Java via MC-Build. It is not recommended to edit this file directly.
$data merge entity $(bone_hair) {transformation: [-1f,0f,0f,0f,0f,1f,0.0075f,1.5016f,0f,0.0075f,-1f,-0.0592f,0f,0f,0f,1f],start_interpolation: 0,interpolation_duration: 1}
$data merge entity $(bone_head) {transformation: [-1f,0f,0f,0f,0f,1f,0.0075f,1.5f,0f,0.0075f,-1f,-0.0592f,0f,0f,0f,1f],start_interpolation: 0,interpolation_duration: 1}
$data merge entity $(bone_arm_right1) {transformation: [-0.9925f,0.1205f,-0.0211f,-0.4652f,0.0916f,0.6175f,-0.7813f,1.0646f,-0.0811f,-0.7773f,-0.6239f,-0.0713f,0f,0f,0f,1f],start_interpolation: 0,interpolation_duration: 1}
$data merge entity $(bone_arm_right) {transformation: [-0.9925f,0.0915f,0.0812f,-0.3125f,0.0916f,0.9958f,-0.0031f,1.3644f,-0.0811f,0.0043f,-0.9967f,-0.0598f,0f,0f,0f,1f],start_interpolation: 0,interpolation_duration: 1}
$data merge entity $(bone_arm_left1) {transformation: [-0.9925f,-0.116f,0.0387f,0.4652f,-0.0916f,0.4952f,-0.8639f,1.0646f,0.0811f,-0.861f,-0.5021f,-0.0713f,0f,0f,0f,1f],start_interpolation: 0,interpolation_duration: 1}
$data merge entity $(bone_arm_left) {transformation: [-0.9925f,-0.0915f,-0.0812f,0.3125f,-0.0916f,0.9958f,-0.0031f,1.3644f,0.0811f,0.0043f,-0.9967f,-0.0598f,0f,0f,0f,1f],start_interpolation: 0,interpolation_duration: 1}
$data merge entity $(bone_body) {transformation: [-1f,0f,0f,0f,0f,1f,0.0044f,0.75f,0f,0.0044f,-1f,-0.0625f,0f,0f,0f,1f],start_interpolation: 0,interpolation_duration: 1}