# This file was generated by Animated Java via MC-Build. It is not recommended to edit this file directly.
$data merge entity $(bone_hair) {transformation: [-1f,0f,0f,0f,0f,1f,0.002f,1.5015f,0f,0.002f,-1f,-0.0576f,0f,0f,0f,1f],start_interpolation: 0,interpolation_duration: 1}
$data merge entity $(bone_head) {transformation: [-1f,0f,0f,0f,0f,1f,0.002f,1.5f,0f,0.002f,-1f,-0.0576f,0f,0f,0f,1f],start_interpolation: 0,interpolation_duration: 1}
$data merge entity $(bone_arm_right1) {transformation: [-0.9925f,0.1206f,-0.021f,-0.4652f,0.0917f,0.6192f,-0.7799f,1.0647f,-0.0811f,-0.7759f,-0.6256f,-0.0706f,0f,0f,0f,1f],start_interpolation: 0,interpolation_duration: 1}
$data merge entity $(bone_arm_right) {transformation: [-0.9925f,0.0915f,0.0813f,-0.3125f,0.0917f,0.9958f,-0.0009f,1.3644f,-0.0811f,0.0065f,-0.9967f,-0.0585f,0f,0f,0f,1f],start_interpolation: 0,interpolation_duration: 1}
$data merge entity $(bone_arm_left1) {transformation: [-0.9925f,-0.1162f,0.0386f,0.4652f,-0.0917f,0.4971f,-0.8628f,1.0647f,0.0811f,-0.8599f,-0.504f,-0.0706f,0f,0f,0f,1f],start_interpolation: 0,interpolation_duration: 1}
$data merge entity $(bone_arm_left) {transformation: [-0.9925f,-0.0915f,-0.0813f,0.3125f,-0.0917f,0.9958f,-0.0009f,1.3644f,0.0811f,0.0065f,-0.9967f,-0.0585f,0f,0f,0f,1f],start_interpolation: 0,interpolation_duration: 1}
$data merge entity $(bone_body) {transformation: [-1f,0f,0f,0f,0f,1f,0.0066f,0.75f,0f,0.0066f,-1f,-0.0625f,0f,0f,0f,1f],start_interpolation: 0,interpolation_duration: 1}