# This file was generated by Animated Java via MC-Build. It is not recommended to edit this file directly.
$data merge entity $(bone_hair) {transformation: [-1f,0f,0f,0f,0f,1f,0.0053f,1.5014f,0f,0.0053f,-1f,-0.0466f,0f,0f,0f,1f],start_interpolation: 0,interpolation_duration: 1}
$data merge entity $(bone_head) {transformation: [-1f,0f,0f,0f,0f,1f,0.0053f,1.4998f,0f,0.0053f,-1f,-0.0466f,0f,0f,0f,1f],start_interpolation: 0,interpolation_duration: 1}
$data merge entity $(bone_arm_right1) {transformation: [-0.9955f,0.0754f,-0.0569f,-0.4655f,0.092f,0.6347f,-0.7673f,1.0643f,-0.0217f,-0.7691f,-0.6388f,-0.0588f,0f,0f,0f,1f],start_interpolation: 0,interpolation_duration: 1}
$data merge entity $(bone_arm_right) {transformation: [-0.9955f,0.0915f,0.0236f,-0.3125f,0.092f,0.9956f,0.0191f,1.364f,-0.0217f,0.0212f,-0.9995f,-0.0495f,0f,0f,0f,1f],start_interpolation: 0,interpolation_duration: 1}
$data merge entity $(bone_arm_left1) {transformation: [-0.9955f,-0.0662f,0.0675f,0.4655f,-0.092f,0.5143f,-0.8527f,1.0643f,0.0217f,-0.855f,-0.5181f,-0.0588f,0f,0f,0f,1f],start_interpolation: 0,interpolation_duration: 1}
$data merge entity $(bone_arm_left) {transformation: [-0.9955f,-0.0915f,-0.0236f,0.3125f,-0.092f,0.9956f,0.0191f,1.364f,0.0217f,0.0212f,-0.9995f,-0.0495f,0f,0f,0f,1f],start_interpolation: 0,interpolation_duration: 1}
$data merge entity $(bone_body) {transformation: [-1f,0f,0f,0f,0f,0.9998f,0.0212f,0.75f,0f,0.0212f,-0.9998f,-0.0625f,0f,0f,0f,1f],start_interpolation: 0,interpolation_duration: 1}