# This file was generated by Animated Java via MC-Build. It is not recommended to edit this file directly.
$data merge entity $(bone_hair) {transformation: [-1f,0f,0f,0f,0f,1f,-0.0034f,1.5015f,0f,-0.0034f,-1f,-0.056f,0f,0f,0f,1f],start_interpolation: 0,interpolation_duration: 1}
$data merge entity $(bone_head) {transformation: [-1f,0f,0f,0f,0f,1f,-0.0034f,1.5f,0f,-0.0034f,-1f,-0.056f,0f,0f,0f,1f],start_interpolation: 0,interpolation_duration: 1}
$data merge entity $(bone_arm_right1) {transformation: [-0.9925f,0.1206f,-0.021f,-0.4652f,0.0919f,0.6208f,-0.7785f,1.0647f,-0.0808f,-0.7746f,-0.6273f,-0.07f,0f,0f,0f,1f],start_interpolation: 0,interpolation_duration: 1}
$data merge entity $(bone_arm_right) {transformation: [-0.9925f,0.0915f,0.0813f,-0.3125f,0.0919f,0.9958f,0.0012f,1.3644f,-0.0808f,0.0087f,-0.9967f,-0.0571f,0f,0f,0f,1f],start_interpolation: 0,interpolation_duration: 1}
$data merge entity $(bone_arm_left1) {transformation: [-0.9925f,-0.1162f,0.0386f,0.4652f,-0.0919f,0.4989f,-0.8617f,1.0647f,0.0808f,-0.8588f,-0.5059f,-0.07f,0f,0f,0f,1f],start_interpolation: 0,interpolation_duration: 1}
$data merge entity $(bone_arm_left) {transformation: [-0.9925f,-0.0915f,-0.0813f,0.3125f,-0.0919f,0.9958f,0.0012f,1.3644f,0.0808f,0.0087f,-0.9967f,-0.0571f,0f,0f,0f,1f],start_interpolation: 0,interpolation_duration: 1}
$data merge entity $(bone_body) {transformation: [-1f,0f,0f,0f,0f,1f,0.0087f,0.75f,0f,0.0087f,-1f,-0.0625f,0f,0f,0f,1f],start_interpolation: 0,interpolation_duration: 1}