# This file was generated by Animated Java via MC-Build. It is not recommended to edit this file directly.
$data merge entity $(bone_hair) {transformation: [-1f,0f,0f,0f,0f,1f,-0.0084f,1.5015f,0f,-0.0084f,-1f,-0.0544f,0f,0f,0f,1f],start_interpolation: 0,interpolation_duration: 1}
$data merge entity $(bone_head) {transformation: [-1f,0f,0f,0f,0f,1f,-0.0084f,1.5f,0f,-0.0084f,-1f,-0.0544f,0f,0f,0f,1f],start_interpolation: 0,interpolation_duration: 1}
$data merge entity $(bone_arm_right1) {transformation: [-0.9925f,0.1204f,-0.0212f,-0.4652f,0.0921f,0.6225f,-0.7772f,1.0647f,-0.0804f,-0.7733f,-0.6289f,-0.0693f,0f,0f,0f,1f],start_interpolation: 0,interpolation_duration: 1}
$data merge entity $(bone_arm_right) {transformation: [-0.9925f,0.0915f,0.081f,-0.3125f,0.0921f,0.9957f,0.0033f,1.3644f,-0.0804f,0.0108f,-0.9967f,-0.0559f,0f,0f,0f,1f],start_interpolation: 0,interpolation_duration: 1}
$data merge entity $(bone_arm_left1) {transformation: [-0.9925f,-0.1159f,0.0387f,0.4652f,-0.0921f,0.5008f,-0.8607f,1.0647f,0.0804f,-0.8578f,-0.5077f,-0.0693f,0f,0f,0f,1f],start_interpolation: 0,interpolation_duration: 1}
$data merge entity $(bone_arm_left) {transformation: [-0.9925f,-0.0915f,-0.081f,0.3125f,-0.0921f,0.9957f,0.0033f,1.3644f,0.0804f,0.0108f,-0.9967f,-0.0559f,0f,0f,0f,1f],start_interpolation: 0,interpolation_duration: 1}
$data merge entity $(bone_body) {transformation: [-1f,0f,0f,0f,0f,0.9999f,0.0108f,0.75f,0f,0.0108f,-0.9999f,-0.0625f,0f,0f,0f,1f],start_interpolation: 0,interpolation_duration: 1}