# This file was generated by Animated Java via MC-Build. It is not recommended to edit this file directly.
$data merge entity $(bone_hair) {transformation: [-1f,0f,0f,0f,0f,0.9999f,-0.0128f,1.5015f,0f,-0.0128f,-0.9999f,-0.0529f,0f,0f,0f,1f],start_interpolation: 0,interpolation_duration: 1}
$data merge entity $(bone_head) {transformation: [-1f,0f,0f,0f,0f,0.9999f,-0.0128f,1.4999f,0f,-0.0128f,-0.9999f,-0.0529f,0f,0f,0f,1f],start_interpolation: 0,interpolation_duration: 1}
$data merge entity $(bone_arm_right1) {transformation: [-0.9925f,0.1199f,-0.0215f,-0.4652f,0.0922f,0.624f,-0.7759f,1.0647f,-0.0796f,-0.7721f,-0.6304f,-0.0686f,0f,0f,0f,1f],start_interpolation: 0,interpolation_duration: 1}
$data merge entity $(bone_arm_right) {transformation: [-0.9925f,0.0915f,0.0805f,-0.3125f,0.0922f,0.9957f,0.0053f,1.3643f,-0.0796f,0.0127f,-0.9967f,-0.0547f,0f,0f,0f,1f],start_interpolation: 0,interpolation_duration: 1}
$data merge entity $(bone_arm_left1) {transformation: [-0.9925f,-0.1154f,0.039f,0.4652f,-0.0922f,0.5025f,-0.8597f,1.0647f,0.0796f,-0.8568f,-0.5094f,-0.0686f,0f,0f,0f,1f],start_interpolation: 0,interpolation_duration: 1}
$data merge entity $(bone_arm_left) {transformation: [-0.9925f,-0.0915f,-0.0805f,0.3125f,-0.0922f,0.9957f,0.0053f,1.3643f,0.0796f,0.0127f,-0.9967f,-0.0547f,0f,0f,0f,1f],start_interpolation: 0,interpolation_duration: 1}
$data merge entity $(bone_body) {transformation: [-1f,0f,0f,0f,0f,0.9999f,0.0128f,0.75f,0f,0.0128f,-0.9999f,-0.0625f,0f,0f,0f,1f],start_interpolation: 0,interpolation_duration: 1}