# This file was generated by Animated Java via MC-Build. It is not recommended to edit this file directly.
$data merge entity $(bone_hair) {transformation: [-1f,0f,0f,0f,0f,0.9999f,-0.0167f,1.5015f,0f,-0.0167f,-0.9999f,-0.0516f,0f,0f,0f,1f],start_interpolation: 0,interpolation_duration: 1}
$data merge entity $(bone_head) {transformation: [-1f,0f,0f,0f,0f,0.9999f,-0.0167f,1.4999f,0f,-0.0167f,-0.9999f,-0.0516f,0f,0f,0f,1f],start_interpolation: 0,interpolation_duration: 1}
$data merge entity $(bone_arm_right1) {transformation: [-0.9926f,0.1193f,-0.022f,-0.4652f,0.0924f,0.6255f,-0.7748f,1.0647f,-0.0786f,-0.7711f,-0.6319f,-0.0679f,0f,0f,0f,1f],start_interpolation: 0,interpolation_duration: 1}
$data merge entity $(bone_arm_right) {transformation: [-0.9926f,0.0915f,0.0796f,-0.3125f,0.0924f,0.9957f,0.0072f,1.3643f,-0.0786f,0.0145f,-0.9968f,-0.0536f,0f,0f,0f,1f],start_interpolation: 0,interpolation_duration: 1}
$data merge entity $(bone_arm_left1) {transformation: [-0.9926f,-0.1147f,0.0394f,0.4652f,-0.0924f,0.5041f,-0.8587f,1.0647f,0.0786f,-0.856f,-0.511f,-0.0679f,0f,0f,0f,1f],start_interpolation: 0,interpolation_duration: 1}
$data merge entity $(bone_arm_left) {transformation: [-0.9926f,-0.0915f,-0.0796f,0.3125f,-0.0924f,0.9957f,0.0072f,1.3643f,0.0786f,0.0145f,-0.9968f,-0.0536f,0f,0f,0f,1f],start_interpolation: 0,interpolation_duration: 1}
$data merge entity $(bone_body) {transformation: [-1f,0f,0f,0f,0f,0.9999f,0.0146f,0.75f,0f,0.0146f,-0.9999f,-0.0625f,0f,0f,0f,1f],start_interpolation: 0,interpolation_duration: 1}