# This file was generated by Animated Java via MC-Build. It is not recommended to edit this file directly.
$data merge entity $(bone_hair) {transformation: [-1f,0f,0f,0f,0f,0.9998f,-0.0197f,1.5015f,0f,-0.0197f,-0.9998f,-0.0504f,0f,0f,0f,1f],start_interpolation: 0,interpolation_duration: 1}
$data merge entity $(bone_head) {transformation: [-1f,0f,0f,0f,0f,0.9998f,-0.0197f,1.4999f,0f,-0.0197f,-0.9998f,-0.0504f,0f,0f,0f,1f],start_interpolation: 0,interpolation_duration: 1}
$data merge entity $(bone_arm_right1) {transformation: [-0.9927f,0.1184f,-0.0227f,-0.4652f,0.0925f,0.6268f,-0.7737f,1.0647f,-0.0774f,-0.7702f,-0.6331f,-0.0673f,0f,0f,0f,1f],start_interpolation: 0,interpolation_duration: 1}
$data merge entity $(bone_arm_right) {transformation: [-0.9927f,0.0915f,0.0785f,-0.3125f,0.0925f,0.9957f,0.0089f,1.3643f,-0.0774f,0.0161f,-0.9969f,-0.0526f,0f,0f,0f,1f],start_interpolation: 0,interpolation_duration: 1}
$data merge entity $(bone_arm_left1) {transformation: [-0.9927f,-0.1137f,0.04f,0.4652f,-0.0925f,0.5055f,-0.8578f,1.0647f,0.0774f,-0.8553f,-0.5124f,-0.0673f,0f,0f,0f,1f],start_interpolation: 0,interpolation_duration: 1}
$data merge entity $(bone_arm_left) {transformation: [-0.9927f,-0.0915f,-0.0785f,0.3125f,-0.0925f,0.9957f,0.0089f,1.3643f,0.0774f,0.0161f,-0.9969f,-0.0526f,0f,0f,0f,1f],start_interpolation: 0,interpolation_duration: 1}
$data merge entity $(bone_body) {transformation: [-1f,0f,0f,0f,0f,0.9999f,0.0161f,0.75f,0f,0.0161f,-0.9999f,-0.0625f,0f,0f,0f,1f],start_interpolation: 0,interpolation_duration: 1}