# This file was generated by Animated Java via MC-Build. It is not recommended to edit this file directly.
$data merge entity $(bone_hair) {transformation: [-1f,0f,0f,0f,0f,0.9998f,-0.0218f,1.5014f,0f,-0.0218f,-0.9998f,-0.0494f,0f,0f,0f,1f],start_interpolation: 0,interpolation_duration: 1}
$data merge entity $(bone_head) {transformation: [-1f,0f,0f,0f,0f,0.9998f,-0.0218f,1.4999f,0f,-0.0218f,-0.9998f,-0.0494f,0f,0f,0f,1f],start_interpolation: 0,interpolation_duration: 1}
$data merge entity $(bone_arm_right1) {transformation: [-0.9928f,0.1173f,-0.0236f,-0.4652f,0.0926f,0.6279f,-0.7728f,1.0647f,-0.0758f,-0.7694f,-0.6342f,-0.0667f,0f,0f,0f,1f],start_interpolation: 0,interpolation_duration: 1}
$data merge entity $(bone_arm_right) {transformation: [-0.9928f,0.0915f,0.0771f,-0.3125f,0.0926f,0.9957f,0.0103f,1.3643f,-0.0758f,0.0174f,-0.997f,-0.0518f,0f,0f,0f,1f],start_interpolation: 0,interpolation_duration: 1}
$data merge entity $(bone_arm_left1) {transformation: [-0.9928f,-0.1125f,0.0407f,0.4652f,-0.0926f,0.5068f,-0.8571f,1.0647f,0.0758f,-0.8547f,-0.5135f,-0.0667f,0f,0f,0f,1f],start_interpolation: 0,interpolation_duration: 1}
$data merge entity $(bone_arm_left) {transformation: [-0.9928f,-0.0915f,-0.0771f,0.3125f,-0.0926f,0.9957f,0.0103f,1.3643f,0.0758f,0.0174f,-0.997f,-0.0518f,0f,0f,0f,1f],start_interpolation: 0,interpolation_duration: 1}
$data merge entity $(bone_body) {transformation: [-1f,0f,0f,0f,0f,0.9998f,0.0175f,0.75f,0f,0.0175f,-0.9998f,-0.0625f,0f,0f,0f,1f],start_interpolation: 0,interpolation_duration: 1}