# This file was generated by Animated Java via MC-Build. It is not recommended to edit this file directly.
$data merge entity $(bone_hair) {transformation: [-1f,0f,0f,0f,0f,0.9997f,-0.0231f,1.5014f,0f,-0.0231f,-0.9997f,-0.0486f,0f,0f,0f,1f],start_interpolation: 0,interpolation_duration: 1}
$data merge entity $(bone_head) {transformation: [-1f,0f,0f,0f,0f,0.9997f,-0.0231f,1.4999f,0f,-0.0231f,-0.9997f,-0.0485f,0f,0f,0f,1f],start_interpolation: 0,interpolation_duration: 1}
$data merge entity $(bone_arm_right1) {transformation: [-0.993f,0.1158f,-0.0248f,-0.4652f,0.0926f,0.6289f,-0.7719f,1.0647f,-0.0737f,-0.7688f,-0.6352f,-0.0661f,0f,0f,0f,1f],start_interpolation: 0,interpolation_duration: 1}
$data merge entity $(bone_arm_right) {transformation: [-0.993f,0.0915f,0.0751f,-0.3125f,0.0926f,0.9956f,0.0117f,1.3643f,-0.0737f,0.0185f,-0.9971f,-0.0511f,0f,0f,0f,1f],start_interpolation: 0,interpolation_duration: 1}
$data merge entity $(bone_arm_left1) {transformation: [-0.993f,-0.1108f,0.0417f,0.4652f,-0.0926f,0.5079f,-0.8564f,1.0647f,0.0737f,-0.8543f,-0.5146f,-0.0661f,0f,0f,0f,1f],start_interpolation: 0,interpolation_duration: 1}
$data merge entity $(bone_arm_left) {transformation: [-0.993f,-0.0915f,-0.0751f,0.3125f,-0.0926f,0.9956f,0.0117f,1.3643f,0.0737f,0.0185f,-0.9971f,-0.0511f,0f,0f,0f,1f],start_interpolation: 0,interpolation_duration: 1}
$data merge entity $(bone_body) {transformation: [-1f,0f,0f,0f,0f,0.9998f,0.0186f,0.75f,0f,0.0186f,-0.9998f,-0.0625f,0f,0f,0f,1f],start_interpolation: 0,interpolation_duration: 1}