# This file was generated by Animated Java via MC-Build. It is not recommended to edit this file directly.
$data merge entity $(bone_hair) {transformation: [-1f,0f,0f,0f,0f,0.9997f,-0.0238f,1.5014f,0f,-0.0238f,-0.9997f,-0.0477f,0f,0f,0f,1f],start_interpolation: 0,interpolation_duration: 1}
$data merge entity $(bone_head) {transformation: [-1f,0f,0f,0f,0f,0.9997f,-0.0238f,1.4999f,0f,-0.0238f,-0.9997f,-0.0477f,0f,0f,0f,1f],start_interpolation: 0,interpolation_duration: 1}
$data merge entity $(bone_arm_right1) {transformation: [-0.9932f,0.1137f,-0.0264f,-0.4652f,0.0927f,0.63f,-0.7711f,1.0647f,-0.071f,-0.7682f,-0.6362f,-0.0654f,0f,0f,0f,1f],start_interpolation: 0,interpolation_duration: 1}
$data merge entity $(bone_arm_right) {transformation: [-0.9932f,0.0915f,0.0725f,-0.3125f,0.0927f,0.9956f,0.013f,1.3642f,-0.071f,0.0197f,-0.9973f,-0.0504f,0f,0f,0f,1f],start_interpolation: 0,interpolation_duration: 1}
$data merge entity $(bone_arm_left1) {transformation: [-0.9932f,-0.1086f,0.043f,0.4652f,-0.0927f,0.5091f,-0.8557f,1.0647f,0.071f,-0.8538f,-0.5157f,-0.0654f,0f,0f,0f,1f],start_interpolation: 0,interpolation_duration: 1}
$data merge entity $(bone_arm_left) {transformation: [-0.9932f,-0.0915f,-0.0725f,0.3125f,-0.0927f,0.9956f,0.013f,1.3642f,0.071f,0.0197f,-0.9973f,-0.0504f,0f,0f,0f,1f],start_interpolation: 0,interpolation_duration: 1}
$data merge entity $(bone_body) {transformation: [-1f,0f,0f,0f,0f,0.9998f,0.0198f,0.75f,0f,0.0198f,-0.9998f,-0.0625f,0f,0f,0f,1f],start_interpolation: 0,interpolation_duration: 1}