# This file was generated by Animated Java via MC-Build. It is not recommended to edit this file directly.
$data merge entity $(bone_hair) {transformation: [-1f,0f,0f,0f,0f,0.9997f,-0.024f,1.5014f,0f,-0.024f,-0.9997f,-0.0469f,0f,0f,0f,1f],start_interpolation: 0,interpolation_duration: 1}
$data merge entity $(bone_head) {transformation: [-1f,0f,0f,0f,0f,0.9997f,-0.024f,1.4998f,0f,-0.024f,-0.9997f,-0.0468f,0f,0f,0f,1f],start_interpolation: 0,interpolation_duration: 1}
$data merge entity $(bone_arm_right1) {transformation: [-0.9934f,0.1113f,-0.0284f,-0.4653f,0.0927f,0.6311f,-0.7702f,1.0647f,-0.0678f,-0.7677f,-0.6372f,-0.0646f,0f,0f,0f,1f],start_interpolation: 0,interpolation_duration: 1}
$data merge entity $(bone_arm_right) {transformation: [-0.9934f,0.0915f,0.0694f,-0.3125f,0.0927f,0.9956f,0.0144f,1.3642f,-0.0678f,0.0208f,-0.9975f,-0.0497f,0f,0f,0f,1f],start_interpolation: 0,interpolation_duration: 1}
$data merge entity $(bone_arm_left1) {transformation: [-0.9934f,-0.1059f,0.0445f,0.4653f,-0.0927f,0.5103f,-0.855f,1.0647f,0.0678f,-0.8535f,-0.5167f,-0.0646f,0f,0f,0f,1f],start_interpolation: 0,interpolation_duration: 1}
$data merge entity $(bone_arm_left) {transformation: [-0.9934f,-0.0915f,-0.0694f,0.3125f,-0.0927f,0.9956f,0.0144f,1.3642f,0.0678f,0.0208f,-0.9975f,-0.0497f,0f,0f,0f,1f],start_interpolation: 0,interpolation_duration: 1}
$data merge entity $(bone_body) {transformation: [-1f,0f,0f,0f,0f,0.9998f,0.0209f,0.75f,0f,0.0209f,-0.9998f,-0.0625f,0f,0f,0f,1f],start_interpolation: 0,interpolation_duration: 1}