# This file was generated by Animated Java via MC-Build. It is not recommended to edit this file directly.
$data merge entity $(bone_hair) {transformation: [-1f,0f,0f,0f,0f,0.9997f,-0.0237f,1.5014f,0f,-0.0237f,-0.9997f,-0.0461f,0f,0f,0f,1f],start_interpolation: 0,interpolation_duration: 1}
$data merge entity $(bone_head) {transformation: [-1f,0f,0f,0f,0f,0.9997f,-0.0237f,1.4998f,0f,-0.0237f,-0.9997f,-0.046f,0f,0f,0f,1f],start_interpolation: 0,interpolation_duration: 1}
$data merge entity $(bone_arm_right1) {transformation: [-0.9936f,0.1085f,-0.0306f,-0.4653f,0.0927f,0.6322f,-0.7693f,1.0646f,-0.0641f,-0.7672f,-0.6382f,-0.0639f,0f,0f,0f,1f],start_interpolation: 0,interpolation_duration: 1}
$data merge entity $(bone_arm_right) {transformation: [-0.9936f,0.0915f,0.0658f,-0.3125f,0.0927f,0.9956f,0.0158f,1.3641f,-0.0641f,0.0218f,-0.9977f,-0.049f,0f,0f,0f,1f],start_interpolation: 0,interpolation_duration: 1}
$data merge entity $(bone_arm_left1) {transformation: [-0.9936f,-0.1027f,0.0463f,0.4653f,-0.0927f,0.5115f,-0.8543f,1.0646f,0.0641f,-0.8531f,-0.5178f,-0.0639f,0f,0f,0f,1f],start_interpolation: 0,interpolation_duration: 1}
$data merge entity $(bone_arm_left) {transformation: [-0.9936f,-0.0915f,-0.0658f,0.3125f,-0.0927f,0.9956f,0.0158f,1.3641f,0.0641f,0.0218f,-0.9977f,-0.049f,0f,0f,0f,1f],start_interpolation: 0,interpolation_duration: 1}
$data merge entity $(bone_body) {transformation: [-1f,0f,0f,0f,0f,0.9998f,0.0219f,0.75f,0f,0.0219f,-0.9998f,-0.0625f,0f,0f,0f,1f],start_interpolation: 0,interpolation_duration: 1}