# This file was generated by Animated Java via MC-Build. It is not recommended to edit this file directly.
$data merge entity $(bone_hair) {transformation: [-1f,0f,0f,0f,0f,1f,0.0082f,1.5014f,0f,0.0082f,-1f,-0.0479f,0f,0f,0f,1f],start_interpolation: 0,interpolation_duration: 1}
$data merge entity $(bone_head) {transformation: [-1f,0f,0f,0f,0f,1f,0.0082f,1.4999f,0f,0.0082f,-1f,-0.048f,0f,0f,0f,1f],start_interpolation: 0,interpolation_duration: 1}
$data merge entity $(bone_arm_right1) {transformation: [-0.9955f,0.0756f,-0.0568f,-0.4655f,0.0919f,0.6332f,-0.7685f,1.0644f,-0.0221f,-0.7703f,-0.6374f,-0.0594f,0f,0f,0f,1f],start_interpolation: 0,interpolation_duration: 1}
$data merge entity $(bone_arm_right) {transformation: [-0.9955f,0.0915f,0.0238f,-0.3125f,0.0919f,0.9956f,0.0172f,1.364f,-0.0221f,0.0193f,-0.9996f,-0.0506f,0f,0f,0f,1f],start_interpolation: 0,interpolation_duration: 1}
$data merge entity $(bone_arm_left1) {transformation: [-0.9955f,-0.0663f,0.0674f,0.4655f,-0.0919f,0.5127f,-0.8536f,1.0644f,0.0221f,-0.856f,-0.5165f,-0.0594f,0f,0f,0f,1f],start_interpolation: 0,interpolation_duration: 1}
$data merge entity $(bone_arm_left) {transformation: [-0.9955f,-0.0915f,-0.0238f,0.3125f,-0.0919f,0.9956f,0.0172f,1.364f,0.0221f,0.0193f,-0.9996f,-0.0506f,0f,0f,0f,1f],start_interpolation: 0,interpolation_duration: 1}
$data merge entity $(bone_body) {transformation: [-1f,0f,0f,0f,0f,0.9998f,0.0194f,0.75f,0f,0.0194f,-0.9998f,-0.0625f,0f,0f,0f,1f],start_interpolation: 0,interpolation_duration: 1}