# This file was generated by Animated Java via MC-Build. It is not recommended to edit this file directly.
$data merge entity $(bone_hair) {transformation: [-1f,0f,0f,0f,0f,0.9997f,-0.0229f,1.5014f,0f,-0.0229f,-0.9997f,-0.0453f,0f,0f,0f,1f],start_interpolation: 0,interpolation_duration: 1}
$data merge entity $(bone_head) {transformation: [-1f,0f,0f,0f,0f,0.9997f,-0.0229f,1.4998f,0f,-0.0229f,-0.9997f,-0.0453f,0f,0f,0f,1f],start_interpolation: 0,interpolation_duration: 1}
$data merge entity $(bone_arm_right1) {transformation: [-0.9939f,0.1054f,-0.0331f,-0.4653f,0.0927f,0.6332f,-0.7684f,1.0646f,-0.06f,-0.7668f,-0.6391f,-0.063f,0f,0f,0f,1f],start_interpolation: 0,interpolation_duration: 1}
$data merge entity $(bone_arm_right) {transformation: [-0.9939f,0.0915f,0.0619f,-0.3125f,0.0927f,0.9955f,0.0172f,1.3641f,-0.06f,0.0228f,-0.9979f,-0.0484f,0f,0f,0f,1f],start_interpolation: 0,interpolation_duration: 1}
$data merge entity $(bone_arm_left1) {transformation: [-0.9939f,-0.0993f,0.0483f,0.4653f,-0.0927f,0.5127f,-0.8536f,1.0646f,0.06f,-0.8528f,-0.5188f,-0.063f,0f,0f,0f,1f],start_interpolation: 0,interpolation_duration: 1}
$data merge entity $(bone_arm_left) {transformation: [-0.9939f,-0.0915f,-0.0619f,0.3125f,-0.0927f,0.9955f,0.0172f,1.3641f,0.06f,0.0228f,-0.9979f,-0.0484f,0f,0f,0f,1f],start_interpolation: 0,interpolation_duration: 1}
$data merge entity $(bone_body) {transformation: [-1f,0f,0f,0f,0f,0.9997f,0.0229f,0.75f,0f,0.0229f,-0.9997f,-0.0625f,0f,0f,0f,1f],start_interpolation: 0,interpolation_duration: 1}