# This file was generated by Animated Java via MC-Build. It is not recommended to edit this file directly.
$data merge entity $(bone_hair) {transformation: [-1f,0f,0f,0f,0f,0.9998f,-0.0218f,1.5013f,0f,-0.0218f,-0.9998f,-0.0446f,0f,0f,0f,1f],start_interpolation: 0,interpolation_duration: 1}
$data merge entity $(bone_head) {transformation: [-1f,0f,0f,0f,0f,0.9998f,-0.0218f,1.4998f,0f,-0.0218f,-0.9998f,-0.0446f,0f,0f,0f,1f],start_interpolation: 0,interpolation_duration: 1}
$data merge entity $(bone_arm_right1) {transformation: [-0.9941f,0.1021f,-0.0357f,-0.4654f,0.0927f,0.6342f,-0.7676f,1.0646f,-0.0557f,-0.7664f,-0.64f,-0.0622f,0f,0f,0f,1f],start_interpolation: 0,interpolation_duration: 1}
$data merge entity $(bone_arm_right) {transformation: [-0.9941f,0.0915f,0.0577f,-0.3125f,0.0927f,0.9955f,0.0185f,1.3641f,-0.0557f,0.0238f,-0.9982f,-0.0478f,0f,0f,0f,1f],start_interpolation: 0,interpolation_duration: 1}
$data merge entity $(bone_arm_left1) {transformation: [-0.9941f,-0.0957f,0.0504f,0.4654f,-0.0927f,0.5138f,-0.8529f,1.0646f,0.0557f,-0.8525f,-0.5197f,-0.0622f,0f,0f,0f,1f],start_interpolation: 0,interpolation_duration: 1}
$data merge entity $(bone_arm_left) {transformation: [-0.9941f,-0.0915f,-0.0577f,0.3125f,-0.0927f,0.9955f,0.0185f,1.3641f,0.0557f,0.0238f,-0.9982f,-0.0478f,0f,0f,0f,1f],start_interpolation: 0,interpolation_duration: 1}
$data merge entity $(bone_body) {transformation: [-1f,0f,0f,0f,0f,0.9997f,0.0239f,0.75f,0f,0.0239f,-0.9997f,-0.0625f,0f,0f,0f,1f],start_interpolation: 0,interpolation_duration: 1}