# This file was generated by Animated Java via MC-Build. It is not recommended to edit this file directly.
$data merge entity $(bone_hair) {transformation: [-1f,0f,0f,0f,0f,0.9998f,-0.0204f,1.5013f,0f,-0.0204f,-0.9998f,-0.044f,0f,0f,0f,1f],start_interpolation: 0,interpolation_duration: 1}
$data merge entity $(bone_head) {transformation: [-1f,0f,0f,0f,0f,0.9998f,-0.0204f,1.4998f,0f,-0.0204f,-0.9998f,-0.044f,0f,0f,0f,1f],start_interpolation: 0,interpolation_duration: 1}
$data merge entity $(bone_arm_right1) {transformation: [-0.9944f,0.0987f,-0.0384f,-0.4654f,0.0927f,0.6352f,-0.7668f,1.0645f,-0.0513f,-0.766f,-0.6408f,-0.0614f,0f,0f,0f,1f],start_interpolation: 0,interpolation_duration: 1}
$data merge entity $(bone_arm_right) {transformation: [-0.9944f,0.0915f,0.0534f,-0.3125f,0.0927f,0.9955f,0.0198f,1.364f,-0.0513f,0.0246f,-0.9984f,-0.0473f,0f,0f,0f,1f],start_interpolation: 0,interpolation_duration: 1}
$data merge entity $(bone_arm_left1) {transformation: [-0.9944f,-0.092f,0.0526f,0.4654f,-0.0927f,0.5149f,-0.8522f,1.0645f,0.0513f,-0.8523f,-0.5205f,-0.0614f,0f,0f,0f,1f],start_interpolation: 0,interpolation_duration: 1}
$data merge entity $(bone_arm_left) {transformation: [-0.9944f,-0.0915f,-0.0534f,0.3125f,-0.0927f,0.9955f,0.0198f,1.364f,0.0513f,0.0246f,-0.9984f,-0.0473f,0f,0f,0f,1f],start_interpolation: 0,interpolation_duration: 1}
$data merge entity $(bone_body) {transformation: [-1f,0f,0f,0f,0f,0.9997f,0.0247f,0.75f,0f,0.0247f,-0.9997f,-0.0625f,0f,0f,0f,1f],start_interpolation: 0,interpolation_duration: 1}