# This file was generated by Animated Java via MC-Build. It is not recommended to edit this file directly.
$data merge entity $(bone_hair) {transformation: [-1f,0f,0f,0f,0f,0.9998f,-0.0188f,1.5013f,0f,-0.0188f,-0.9998f,-0.0435f,0f,0f,0f,1f],start_interpolation: 0,interpolation_duration: 1}
$data merge entity $(bone_head) {transformation: [-1f,0f,0f,0f,0f,0.9998f,-0.0188f,1.4998f,0f,-0.0188f,-0.9998f,-0.0434f,0f,0f,0f,1f],start_interpolation: 0,interpolation_duration: 1}
$data merge entity $(bone_arm_right1) {transformation: [-0.9946f,0.0953f,-0.0411f,-0.4654f,0.0926f,0.6361f,-0.7661f,1.0645f,-0.0469f,-0.7657f,-0.6415f,-0.0607f,0f,0f,0f,1f],start_interpolation: 0,interpolation_duration: 1}
$data merge entity $(bone_arm_right) {transformation: [-0.9946f,0.0915f,0.049f,-0.3125f,0.0926f,0.9955f,0.0209f,1.364f,-0.0469f,0.0253f,-0.9986f,-0.0469f,0f,0f,0f,1f],start_interpolation: 0,interpolation_duration: 1}
$data merge entity $(bone_arm_left1) {transformation: [-0.9946f,-0.0882f,0.0547f,0.4654f,-0.0926f,0.5158f,-0.8517f,1.0645f,0.0469f,-0.8521f,-0.5212f,-0.0607f,0f,0f,0f,1f],start_interpolation: 0,interpolation_duration: 1}
$data merge entity $(bone_arm_left) {transformation: [-0.9946f,-0.0915f,-0.049f,0.3125f,-0.0926f,0.9955f,0.0209f,1.364f,0.0469f,0.0253f,-0.9986f,-0.0469f,0f,0f,0f,1f],start_interpolation: 0,interpolation_duration: 1}
$data merge entity $(bone_body) {transformation: [-1f,0f,0f,0f,0f,0.9997f,0.0254f,0.75f,0f,0.0254f,-0.9997f,-0.0625f,0f,0f,0f,1f],start_interpolation: 0,interpolation_duration: 1}