# This file was generated by Animated Java via MC-Build. It is not recommended to edit this file directly.
$data merge entity $(bone_hair) {transformation: [-1f,0f,0f,0f,0f,0.9999f,-0.0169f,1.5013f,0f,-0.0169f,-0.9999f,-0.043f,0f,0f,0f,1f],start_interpolation: 0,interpolation_duration: 1}
$data merge entity $(bone_head) {transformation: [-1f,0f,0f,0f,0f,0.9999f,-0.0169f,1.4997f,0f,-0.0169f,-0.9999f,-0.043f,0f,0f,0f,1f],start_interpolation: 0,interpolation_duration: 1}
$data merge entity $(bone_arm_right1) {transformation: [-0.9948f,0.092f,-0.0438f,-0.4654f,0.0925f,0.6368f,-0.7654f,1.0644f,-0.0425f,-0.7655f,-0.642f,-0.0599f,0f,0f,0f,1f],start_interpolation: 0,interpolation_duration: 1}
$data merge entity $(bone_arm_right) {transformation: [-0.9948f,0.0915f,0.0447f,-0.3125f,0.0925f,0.9955f,0.0219f,1.3639f,-0.0425f,0.0259f,-0.9988f,-0.0465f,0f,0f,0f,1f],start_interpolation: 0,interpolation_duration: 1}
$data merge entity $(bone_arm_left1) {transformation: [-0.9948f,-0.0845f,0.0569f,0.4654f,-0.0925f,0.5167f,-0.8511f,1.0644f,0.0425f,-0.852f,-0.5218f,-0.0599f,0f,0f,0f,1f],start_interpolation: 0,interpolation_duration: 1}
$data merge entity $(bone_arm_left) {transformation: [-0.9948f,-0.0915f,-0.0447f,0.3125f,-0.0925f,0.9955f,0.0219f,1.3639f,0.0425f,0.0259f,-0.9988f,-0.0465f,0f,0f,0f,1f],start_interpolation: 0,interpolation_duration: 1}
$data merge entity $(bone_body) {transformation: [-1f,0f,0f,0f,0f,0.9997f,0.026f,0.75f,0f,0.026f,-0.9997f,-0.0625f,0f,0f,0f,1f],start_interpolation: 0,interpolation_duration: 1}