# This file was generated by Animated Java via MC-Build. It is not recommended to edit this file directly.
$data merge entity $(bone_hair) {transformation: [-1f,0f,0f,0f,0f,0.9999f,-0.0149f,1.5013f,0f,-0.0149f,-0.9999f,-0.0426f,0f,0f,0f,1f],start_interpolation: 0,interpolation_duration: 1}
$data merge entity $(bone_head) {transformation: [-1f,0f,0f,0f,0f,0.9999f,-0.0149f,1.4997f,0f,-0.0149f,-0.9999f,-0.0426f,0f,0f,0f,1f],start_interpolation: 0,interpolation_duration: 1}
$data merge entity $(bone_arm_right1) {transformation: [-0.995f,0.0887f,-0.0463f,-0.4655f,0.0925f,0.6375f,-0.7649f,1.0644f,-0.0383f,-0.7653f,-0.6425f,-0.0593f,0f,0f,0f,1f],start_interpolation: 0,interpolation_duration: 1}
$data merge entity $(bone_arm_right) {transformation: [-0.995f,0.0915f,0.0406f,-0.3125f,0.0925f,0.9955f,0.0227f,1.3639f,-0.0383f,0.0264f,-0.9989f,-0.0462f,0f,0f,0f,1f],start_interpolation: 0,interpolation_duration: 1}
$data merge entity $(bone_arm_left1) {transformation: [-0.995f,-0.0809f,0.0589f,0.4655f,-0.0925f,0.5174f,-0.8507f,1.0644f,0.0383f,-0.8519f,-0.5223f,-0.0593f,0f,0f,0f,1f],start_interpolation: 0,interpolation_duration: 1}
$data merge entity $(bone_arm_left) {transformation: [-0.995f,-0.0915f,-0.0406f,0.3125f,-0.0925f,0.9955f,0.0227f,1.3639f,0.0383f,0.0264f,-0.9989f,-0.0462f,0f,0f,0f,1f],start_interpolation: 0,interpolation_duration: 1}
$data merge entity $(bone_body) {transformation: [-1f,0f,0f,0f,0f,0.9996f,0.0265f,0.75f,0f,0.0265f,-0.9996f,-0.0625f,0f,0f,0f,1f],start_interpolation: 0,interpolation_duration: 1}