# This file was generated by Animated Java via MC-Build. It is not recommended to edit this file directly.
$data merge entity $(bone_hair) {transformation: [-1f,0f,0f,0f,0f,0.9999f,-0.0127f,1.5013f,0f,-0.0127f,-0.9999f,-0.0424f,0f,0f,0f,1f],start_interpolation: 0,interpolation_duration: 1}
$data merge entity $(bone_head) {transformation: [-1f,0f,0f,0f,0f,0.9999f,-0.0127f,1.4997f,0f,-0.0127f,-0.9999f,-0.0424f,0f,0f,0f,1f],start_interpolation: 0,interpolation_duration: 1}
$data merge entity $(bone_arm_right1) {transformation: [-0.9951f,0.0857f,-0.0487f,-0.4655f,0.0924f,0.638f,-0.7645f,1.0644f,-0.0344f,-0.7652f,-0.6428f,-0.0587f,0f,0f,0f,1f],start_interpolation: 0,interpolation_duration: 1}
$data merge entity $(bone_arm_right) {transformation: [-0.9951f,0.0915f,0.0367f,-0.3125f,0.0924f,0.9954f,0.0234f,1.3639f,-0.0344f,0.0267f,-0.9991f,-0.046f,0f,0f,0f,1f],start_interpolation: 0,interpolation_duration: 1}
$data merge entity $(bone_arm_left1) {transformation: [-0.9951f,-0.0776f,0.0609f,0.4655f,-0.0924f,0.518f,-0.8504f,1.0644f,0.0344f,-0.8519f,-0.5226f,-0.0587f,0f,0f,0f,1f],start_interpolation: 0,interpolation_duration: 1}
$data merge entity $(bone_arm_left) {transformation: [-0.9951f,-0.0915f,-0.0367f,0.3125f,-0.0924f,0.9954f,0.0234f,1.3639f,0.0344f,0.0267f,-0.9991f,-0.046f,0f,0f,0f,1f],start_interpolation: 0,interpolation_duration: 1}
$data merge entity $(bone_body) {transformation: [-1f,0f,0f,0f,0f,0.9996f,0.0268f,0.75f,0f,0.0268f,-0.9996f,-0.0625f,0f,0f,0f,1f],start_interpolation: 0,interpolation_duration: 1}