# This file was generated by Animated Java via MC-Build. It is not recommended to edit this file directly.
$data merge entity $(bone_hair) {transformation: [-1f,0f,0f,0f,0f,0.9999f,-0.0106f,1.5013f,0f,-0.0106f,-0.9999f,-0.0423f,0f,0f,0f,1f],start_interpolation: 0,interpolation_duration: 1}
$data merge entity $(bone_head) {transformation: [-1f,0f,0f,0f,0f,0.9999f,-0.0106f,1.4997f,0f,-0.0106f,-0.9999f,-0.0423f,0f,0f,0f,1f],start_interpolation: 0,interpolation_duration: 1}
$data merge entity $(bone_arm_right1) {transformation: [-0.9952f,0.083f,-0.0509f,-0.4655f,0.0923f,0.6384f,-0.7642f,1.0643f,-0.0309f,-0.7652f,-0.643f,-0.0582f,0f,0f,0f,1f],start_interpolation: 0,interpolation_duration: 1}
$data merge entity $(bone_arm_right) {transformation: [-0.9952f,0.0915f,0.0333f,-0.3125f,0.0923f,0.9954f,0.0239f,1.3639f,-0.0309f,0.0268f,-0.9992f,-0.046f,0f,0f,0f,1f],start_interpolation: 0,interpolation_duration: 1}
$data merge entity $(bone_arm_left1) {transformation: [-0.9952f,-0.0746f,0.0626f,0.4655f,-0.0923f,0.5184f,-0.8501f,1.0643f,0.0309f,-0.8519f,-0.5228f,-0.0582f,0f,0f,0f,1f],start_interpolation: 0,interpolation_duration: 1}
$data merge entity $(bone_arm_left) {transformation: [-0.9952f,-0.0915f,-0.0333f,0.3125f,-0.0923f,0.9954f,0.0239f,1.3639f,0.0309f,0.0268f,-0.9992f,-0.046f,0f,0f,0f,1f],start_interpolation: 0,interpolation_duration: 1}
$data merge entity $(bone_body) {transformation: [-1f,0f,0f,0f,0f,0.9996f,0.0269f,0.75f,0f,0.0269f,-0.9996f,-0.0625f,0f,0f,0f,1f],start_interpolation: 0,interpolation_duration: 1}