# This file was generated by Animated Java via MC-Build. It is not recommended to edit this file directly.
$data merge entity $(bone_hair) {transformation: [-1f,0f,0f,0f,0f,1f,-0.0084f,1.5013f,0f,-0.0084f,-1f,-0.0423f,0f,0f,0f,1f],start_interpolation: 0,interpolation_duration: 1}
$data merge entity $(bone_head) {transformation: [-1f,0f,0f,0f,0f,1f,-0.0084f,1.4997f,0f,-0.0084f,-1f,-0.0423f,0f,0f,0f,1f],start_interpolation: 0,interpolation_duration: 1}
$data merge entity $(bone_arm_right1) {transformation: [-0.9953f,0.0806f,-0.0528f,-0.4655f,0.0922f,0.6385f,-0.764f,1.0643f,-0.0279f,-0.7653f,-0.643f,-0.0578f,0f,0f,0f,1f],start_interpolation: 0,interpolation_duration: 1}
$data merge entity $(bone_arm_right) {transformation: [-0.9953f,0.0915f,0.0303f,-0.3125f,0.0922f,0.9954f,0.0241f,1.3639f,-0.0279f,0.0268f,-0.9993f,-0.046f,0f,0f,0f,1f],start_interpolation: 0,interpolation_duration: 1}
$data merge entity $(bone_arm_left1) {transformation: [-0.9953f,-0.0719f,0.0641f,0.4655f,-0.0922f,0.5186f,-0.85f,1.0643f,0.0279f,-0.852f,-0.5228f,-0.0578f,0f,0f,0f,1f],start_interpolation: 0,interpolation_duration: 1}
$data merge entity $(bone_arm_left) {transformation: [-0.9953f,-0.0915f,-0.0303f,0.3125f,-0.0922f,0.9954f,0.0241f,1.3639f,0.0279f,0.0268f,-0.9993f,-0.046f,0f,0f,0f,1f],start_interpolation: 0,interpolation_duration: 1}
$data merge entity $(bone_body) {transformation: [-1f,0f,0f,0f,0f,0.9996f,0.0269f,0.75f,0f,0.0269f,-0.9996f,-0.0625f,0f,0f,0f,1f],start_interpolation: 0,interpolation_duration: 1}