# This file was generated by Animated Java via MC-Build. It is not recommended to edit this file directly.
$data merge entity $(bone_hair) {transformation: [-1f,0f,0f,0f,0f,1f,-0.0063f,1.5013f,0f,-0.0063f,-1f,-0.0425f,0f,0f,0f,1f],start_interpolation: 0,interpolation_duration: 1}
$data merge entity $(bone_head) {transformation: [-1f,0f,0f,0f,0f,1f,-0.0063f,1.4997f,0f,-0.0063f,-1f,-0.0425f,0f,0f,0f,1f],start_interpolation: 0,interpolation_duration: 1}
$data merge entity $(bone_arm_right1) {transformation: [-0.9954f,0.0787f,-0.0543f,-0.4655f,0.0922f,0.6385f,-0.7641f,1.0643f,-0.0255f,-0.7656f,-0.6429f,-0.0576f,0f,0f,0f,1f],start_interpolation: 0,interpolation_duration: 1}
$data merge entity $(bone_arm_right) {transformation: [-0.9954f,0.0915f,0.0278f,-0.3125f,0.0922f,0.9955f,0.0241f,1.3638f,-0.0255f,0.0265f,-0.9993f,-0.0461f,0f,0f,0f,1f],start_interpolation: 0,interpolation_duration: 1}
$data merge entity $(bone_arm_left1) {transformation: [-0.9954f,-0.0698f,0.0653f,0.4655f,-0.0922f,0.5186f,-0.85f,1.0643f,0.0255f,-0.8522f,-0.5226f,-0.0576f,0f,0f,0f,1f],start_interpolation: 0,interpolation_duration: 1}
$data merge entity $(bone_arm_left) {transformation: [-0.9954f,-0.0915f,-0.0278f,0.3125f,-0.0922f,0.9955f,0.0241f,1.3638f,0.0255f,0.0265f,-0.9993f,-0.0461f,0f,0f,0f,1f],start_interpolation: 0,interpolation_duration: 1}
$data merge entity $(bone_body) {transformation: [-1f,0f,0f,0f,0f,0.9996f,0.0266f,0.75f,0f,0.0266f,-0.9996f,-0.0625f,0f,0f,0f,1f],start_interpolation: 0,interpolation_duration: 1}