# This file was generated by Animated Java via MC-Build. It is not recommended to edit this file directly.
$data merge entity $(bone_hair) {transformation: [-1f,0f,0f,0f,0f,0.9999f,0.0112f,1.5014f,0f,0.0112f,-0.9999f,-0.0494f,0f,0f,0f,1f],start_interpolation: 0,interpolation_duration: 1}
$data merge entity $(bone_head) {transformation: [-1f,0f,0f,0f,0f,0.9999f,0.0112f,1.4999f,0f,0.0112f,-0.9999f,-0.0495f,0f,0f,0f,1f],start_interpolation: 0,interpolation_duration: 1}
$data merge entity $(bone_arm_right1) {transformation: [-0.9955f,0.0759f,-0.0565f,-0.4655f,0.0919f,0.6317f,-0.7698f,1.0644f,-0.0227f,-0.7715f,-0.6358f,-0.0601f,0f,0f,0f,1f],start_interpolation: 0,interpolation_duration: 1}
$data merge entity $(bone_arm_right) {transformation: [-0.9955f,0.0915f,0.0242f,-0.3125f,0.0919f,0.9957f,0.0152f,1.3641f,-0.0227f,0.0173f,-0.9996f,-0.0518f,0f,0f,0f,1f],start_interpolation: 0,interpolation_duration: 1}
$data merge entity $(bone_arm_left1) {transformation: [-0.9955f,-0.0667f,0.0671f,0.4655f,-0.0919f,0.5109f,-0.8547f,1.0644f,0.0227f,-0.857f,-0.5148f,-0.0601f,0f,0f,0f,1f],start_interpolation: 0,interpolation_duration: 1}
$data merge entity $(bone_arm_left) {transformation: [-0.9955f,-0.0915f,-0.0242f,0.3125f,-0.0919f,0.9957f,0.0152f,1.3641f,0.0227f,0.0173f,-0.9996f,-0.0518f,0f,0f,0f,1f],start_interpolation: 0,interpolation_duration: 1}
$data merge entity $(bone_body) {transformation: [-1f,0f,0f,0f,0f,0.9998f,0.0174f,0.75f,0f,0.0174f,-0.9998f,-0.0625f,0f,0f,0f,1f],start_interpolation: 0,interpolation_duration: 1}