# This file was generated by Animated Java via MC-Build. It is not recommended to edit this file directly.
$data merge entity $(bone_hair) {transformation: [-1f,0f,0f,0f,0f,1f,-0.0044f,1.5013f,0f,-0.0044f,-1f,-0.0429f,0f,0f,0f,1f],start_interpolation: 0,interpolation_duration: 1}
$data merge entity $(bone_head) {transformation: [-1f,0f,0f,0f,0f,1f,-0.0044f,1.4997f,0f,-0.0044f,-1f,-0.0429f,0f,0f,0f,1f],start_interpolation: 0,interpolation_duration: 1}
$data merge entity $(bone_arm_right1) {transformation: [-0.9955f,0.0774f,-0.0554f,-0.4655f,0.0921f,0.6383f,-0.7643f,1.0643f,-0.0238f,-0.7659f,-0.6425f,-0.0575f,0f,0f,0f,1f],start_interpolation: 0,interpolation_duration: 1}
$data merge entity $(bone_arm_right) {transformation: [-0.9955f,0.0915f,0.0261f,-0.3125f,0.0921f,0.9955f,0.0238f,1.3639f,-0.0238f,0.0261f,-0.9994f,-0.0464f,0f,0f,0f,1f],start_interpolation: 0,interpolation_duration: 1}
$data merge entity $(bone_arm_left1) {transformation: [-0.9955f,-0.0683f,0.0662f,0.4655f,-0.0921f,0.5183f,-0.8502f,1.0643f,0.0238f,-0.8525f,-0.5223f,-0.0575f,0f,0f,0f,1f],start_interpolation: 0,interpolation_duration: 1}
$data merge entity $(bone_arm_left) {transformation: [-0.9955f,-0.0915f,-0.0261f,0.3125f,-0.0921f,0.9955f,0.0238f,1.3639f,0.0238f,0.0261f,-0.9994f,-0.0464f,0f,0f,0f,1f],start_interpolation: 0,interpolation_duration: 1}
$data merge entity $(bone_body) {transformation: [-1f,0f,0f,0f,0f,0.9997f,0.0262f,0.75f,0f,0.0262f,-0.9997f,-0.0625f,0f,0f,0f,1f],start_interpolation: 0,interpolation_duration: 1}