# This file was generated by Animated Java via MC-Build. It is not recommended to edit this file directly.
$data merge entity $(bone_hair) {transformation: [-1f,0f,0f,0f,0f,0.9999f,0.0143f,1.5015f,0f,0.0143f,-0.9999f,-0.051f,0f,0f,0f,1f],start_interpolation: 0,interpolation_duration: 1}
$data merge entity $(bone_head) {transformation: [-1f,0f,0f,0f,0f,0.9999f,0.0143f,1.4999f,0f,0.0143f,-0.9999f,-0.0511f,0f,0f,0f,1f],start_interpolation: 0,interpolation_duration: 1}
$data merge entity $(bone_arm_right1) {transformation: [-0.9955f,0.0765f,-0.0561f,-0.4655f,0.0918f,0.63f,-0.7712f,1.0644f,-0.0236f,-0.7728f,-0.6342f,-0.0608f,0f,0f,0f,1f],start_interpolation: 0,interpolation_duration: 1}
$data merge entity $(bone_arm_right) {transformation: [-0.9955f,0.0915f,0.0249f,-0.3125f,0.0918f,0.9957f,0.013f,1.3641f,-0.0236f,0.0152f,-0.9996f,-0.0531f,0f,0f,0f,1f],start_interpolation: 0,interpolation_duration: 1}
$data merge entity $(bone_arm_left1) {transformation: [-0.9955f,-0.0673f,0.0668f,0.4655f,-0.0918f,0.5091f,-0.8558f,1.0644f,0.0236f,-0.8581f,-0.513f,-0.0608f,0f,0f,0f,1f],start_interpolation: 0,interpolation_duration: 1}
$data merge entity $(bone_arm_left) {transformation: [-0.9955f,-0.0915f,-0.0249f,0.3125f,-0.0918f,0.9957f,0.013f,1.3641f,0.0236f,0.0152f,-0.9996f,-0.0531f,0f,0f,0f,1f],start_interpolation: 0,interpolation_duration: 1}
$data merge entity $(bone_body) {transformation: [-1f,0f,0f,0f,0f,0.9999f,0.0153f,0.75f,0f,0.0153f,-0.9999f,-0.0625f,0f,0f,0f,1f],start_interpolation: 0,interpolation_duration: 1}