# This file was generated by Animated Java via MC-Build. It is not recommended to edit this file directly.
$data merge entity $(bone_hair) {transformation: [-1f,0f,0f,0f,0f,0.9998f,0.0173f,1.5015f,0f,0.0173f,-0.9998f,-0.0527f,0f,0f,0f,1f],start_interpolation: 0,interpolation_duration: 1}
$data merge entity $(bone_head) {transformation: [-1f,0f,0f,0f,0f,0.9998f,0.0173f,1.4999f,0f,0.0173f,-0.9998f,-0.0527f,0f,0f,0f,1f],start_interpolation: 0,interpolation_duration: 1}
$data merge entity $(bone_arm_right1) {transformation: [-0.9955f,0.0772f,-0.0555f,-0.4655f,0.0918f,0.6282f,-0.7726f,1.0645f,-0.0248f,-0.7742f,-0.6325f,-0.0616f,0f,0f,0f,1f],start_interpolation: 0,interpolation_duration: 1}
$data merge entity $(bone_arm_right) {transformation: [-0.9955f,0.0915f,0.0258f,-0.3125f,0.0918f,0.9957f,0.0107f,1.3642f,-0.0248f,0.013f,-0.9996f,-0.0545f,0f,0f,0f,1f],start_interpolation: 0,interpolation_duration: 1}
$data merge entity $(bone_arm_left1) {transformation: [-0.9955f,-0.0681f,0.0663f,0.4655f,-0.0918f,0.5071f,-0.857f,1.0645f,0.0248f,-0.8592f,-0.5111f,-0.0616f,0f,0f,0f,1f],start_interpolation: 0,interpolation_duration: 1}
$data merge entity $(bone_arm_left) {transformation: [-0.9955f,-0.0915f,-0.0258f,0.3125f,-0.0918f,0.9957f,0.0107f,1.3642f,0.0248f,0.013f,-0.9996f,-0.0545f,0f,0f,0f,1f],start_interpolation: 0,interpolation_duration: 1}
$data merge entity $(bone_body) {transformation: [-1f,0f,0f,0f,0f,0.9999f,0.0131f,0.75f,0f,0.0131f,-0.9999f,-0.0625f,0f,0f,0f,1f],start_interpolation: 0,interpolation_duration: 1}