# This file was generated by Animated Java via MC-Build. It is not recommended to edit this file directly.
$data merge entity $(bone_hair) {transformation: [-1f,0f,0f,0f,0f,0.9998f,0.0203f,1.5015f,0f,0.0203f,-0.9998f,-0.0543f,0f,0f,0f,1f],start_interpolation: 0,interpolation_duration: 1}
$data merge entity $(bone_head) {transformation: [-1f,0f,0f,0f,0f,0.9998f,0.0203f,1.5f,0f,0.0203f,-0.9998f,-0.0543f,0f,0f,0f,1f],start_interpolation: 0,interpolation_duration: 1}
$data merge entity $(bone_arm_right1) {transformation: [-0.9954f,0.078f,-0.0548f,-0.4655f,0.0918f,0.6264f,-0.774f,1.0645f,-0.0261f,-0.7755f,-0.6308f,-0.0625f,0f,0f,0f,1f],start_interpolation: 0,interpolation_duration: 1}
$data merge entity $(bone_arm_right) {transformation: [-0.9954f,0.0915f,0.0269f,-0.3125f,0.0918f,0.9957f,0.0084f,1.3642f,-0.0261f,0.0108f,-0.9996f,-0.0558f,0f,0f,0f,1f],start_interpolation: 0,interpolation_duration: 1}
$data merge entity $(bone_arm_left1) {transformation: [-0.9954f,-0.0691f,0.0658f,0.4655f,-0.0918f,0.5052f,-0.8581f,1.0645f,0.0261f,-0.8603f,-0.5092f,-0.0625f,0f,0f,0f,1f],start_interpolation: 0,interpolation_duration: 1}
$data merge entity $(bone_arm_left) {transformation: [-0.9954f,-0.0915f,-0.0269f,0.3125f,-0.0918f,0.9957f,0.0084f,1.3642f,0.0261f,0.0108f,-0.9996f,-0.0558f,0f,0f,0f,1f],start_interpolation: 0,interpolation_duration: 1}
$data merge entity $(bone_body) {transformation: [-1f,0f,0f,0f,0f,0.9999f,0.0109f,0.75f,0f,0.0109f,-0.9999f,-0.0625f,0f,0f,0f,1f],start_interpolation: 0,interpolation_duration: 1}