# This file was generated by Animated Java via MC-Build. It is not recommended to edit this file directly.
$data merge entity $(bone_ear_left) {transformation: [-0.9981f,0.0332f,0.0518f,0.0789f,0.0355f,0.9984f,0.0449f,0.4976f,-0.0502f,0.0466f,-0.9977f,0.2327f,0f,0f,0f,1f],start_interpolation: 0,interpolation_duration: 1}
$data merge entity $(bone_ear_right) {transformation: [-0.9981f,-0.0332f,-0.0518f,-0.0788f,-0.0355f,0.9984f,0.0449f,0.4976f,0.0502f,0.0466f,-0.9977f,0.2327f,0f,0f,0f,1f],start_interpolation: 0,interpolation_duration: 1}
$data merge entity $(bone_head) {transformation: [-1f,0f,0f,0f,0f,0.9993f,0.0365f,0.3866f,0f,0.0365f,-0.9993f,0.2254f,0f,0f,0f,1f],start_interpolation: 0,interpolation_duration: 1}
$data merge entity $(bone_tail) {transformation: [-1f,0f,0f,0f,0f,0.9999f,0.0107f,0.3724f,0f,0.0107f,-0.9999f,-0.2139f,0f,0f,0f,1f],start_interpolation: 0,interpolation_duration: 1}
$data merge entity $(bone_body) {transformation: [-1f,0f,0f,0f,0f,0.9999f,0.0107f,0.2557f,0f,0.0107f,-0.9999f,0.0027f,0f,0f,0f,1f],start_interpolation: 0,interpolation_duration: 1}
$data merge entity $(bone_leg_left) {transformation: [-1f,0f,0f,0.1125f,0f,0.9804f,0.1968f,0.1628f,0f,0.1968f,-0.9804f,0.1927f,0f,0f,0f,1f],start_interpolation: 0,interpolation_duration: 1}
$data merge entity $(bone_leg_right) {transformation: [-1f,0f,0f,-0.1125f,0f,0.9856f,-0.1692f,0.1468f,0f,-0.1692f,-0.9856f,0.2036f,0f,0f,0f,1f],start_interpolation: 0,interpolation_duration: 1}
$data merge entity $(bone_leg2_left) {transformation: [-1f,0f,0f,0.1125f,0f,0.9733f,-0.2294f,0.1864f,0f,-0.2294f,-0.9733f,-0.0452f,0f,0f,0f,1f],start_interpolation: 0,interpolation_duration: 1}
$data merge entity $(bone_leg2_right) {transformation: [-1f,0f,0f,-0.1125f,0f,0.9927f,0.1203f,0.1503f,0f,0.1203f,-0.9927f,-0.1261f,0f,0f,0f,1f],start_interpolation: 0,interpolation_duration: 1}