# This file was generated by Animated Java via MC-Build. It is not recommended to edit this file directly.
$data merge entity $(bone_ear_left) {transformation: [-0.9788f,0.0924f,0.1829f,0.0789f,0.1052f,0.9926f,0.0613f,0.5034f,-0.1759f,0.0792f,-0.9812f,0.226f,0f,0f,0f,1f],start_interpolation: 0,interpolation_duration: 1}
$data merge entity $(bone_ear_right) {transformation: [-0.9788f,-0.0924f,-0.1829f,-0.0788f,-0.1052f,0.9926f,0.0613f,0.5034f,0.1759f,0.0792f,-0.9812f,0.226f,0f,0f,0f,1f],start_interpolation: 0,interpolation_duration: 1}
$data merge entity $(bone_head) {transformation: [-1f,0f,0f,0f,0f,0.9987f,0.0507f,0.3926f,0f,0.0507f,-0.9987f,0.2171f,0f,0f,0f,1f],start_interpolation: 0,interpolation_duration: 1}
$data merge entity $(bone_tail) {transformation: [-1f,0f,0f,0f,0f,0.9999f,-0.0107f,0.3691f,0f,-0.0107f,-0.9999f,-0.2218f,0f,0f,0f,1f],start_interpolation: 0,interpolation_duration: 1}
$data merge entity $(bone_body) {transformation: [-1f,0f,0f,0f,0f,0.9999f,-0.0107f,0.257f,0f,-0.0107f,-0.9999f,-0.0027f,0f,0f,0f,1f],start_interpolation: 0,interpolation_duration: 1}
$data merge entity $(bone_leg_left) {transformation: [-1f,0f,0f,0.1125f,0f,0.9999f,-0.0171f,0.1808f,0f,-0.0171f,-0.9999f,0.1912f,0f,0f,0f,1f],start_interpolation: 0,interpolation_duration: 1}
$data merge entity $(bone_leg_right) {transformation: [-1f,0f,0f,-0.1125f,0f,1f,0.0026f,0.1483f,0f,0.0026f,-1f,0.2006f,0f,0f,0f,1f],start_interpolation: 0,interpolation_duration: 1}
$data merge entity $(bone_leg2_left) {transformation: [-1f,0f,0f,0.1125f,0f,0.9469f,-0.3217f,0.1607f,0f,-0.3217f,-0.9469f,-0.0373f,0f,0f,0f,1f],start_interpolation: 0,interpolation_duration: 1}
$data merge entity $(bone_leg2_right) {transformation: [-1f,0f,0f,-0.1125f,0f,0.9721f,0.2344f,0.1489f,0f,0.2344f,-0.9721f,-0.1338f,0f,0f,0f,1f],start_interpolation: 0,interpolation_duration: 1}