# This file was generated by Animated Java via MC-Build. It is not recommended to edit this file directly.
$data merge entity $(bone_ear_left) {transformation: [-0.9998f,0.0093f,0.0168f,0.0789f,0.0098f,0.9994f,0.0321f,0.4947f,-0.0164f,0.0322f,-0.9993f,0.236f,0f,0f,0f,1f],start_interpolation: 0,interpolation_duration: 1}
$data merge entity $(bone_ear_right) {transformation: [-0.9998f,-0.0093f,-0.0168f,-0.0788f,-0.0098f,0.9994f,0.0321f,0.4947f,0.0164f,0.0322f,-0.9993f,0.236f,0f,0f,0f,1f],start_interpolation: 0,interpolation_duration: 1}
$data merge entity $(bone_head) {transformation: [-1f,0f,0f,0f,0f,0.9996f,0.0294f,0.3837f,0f,0.0294f,-0.9996f,0.2295f,0f,0f,0f,1f],start_interpolation: 0,interpolation_duration: 1}
$data merge entity $(bone_tail) {transformation: [-1f,0f,0f,0f,0f,0.9998f,0.0213f,0.3742f,0f,0.0213f,-0.9998f,-0.2099f,0f,0f,0f,1f],start_interpolation: 0,interpolation_duration: 1}
$data merge entity $(bone_body) {transformation: [-1f,0f,0f,0f,0f,0.9998f,0.0213f,0.2552f,0f,0.0213f,-0.9998f,0.0054f,0f,0f,0f,1f],start_interpolation: 0,interpolation_duration: 1}
$data merge entity $(bone_leg_left) {transformation: [-1f,0f,0f,0.1125f,0f,0.9483f,-0.3173f,0.153f,0f,-0.3173f,-0.9483f,0.1889f,0f,0f,0f,1f],start_interpolation: 0,interpolation_duration: 1}
$data merge entity $(bone_leg_right) {transformation: [-1f,0f,0f,-0.1125f,0f,0.9333f,0.359f,0.1423f,0f,0.359f,-0.9333f,0.1897f,0f,0f,0f,1f],start_interpolation: 0,interpolation_duration: 1}
$data merge entity $(bone_leg2_left) {transformation: [-1f,0f,0f,0.1125f,0f,1f,-0.0041f,0.1522f,0f,-0.0041f,-1f,-0.0912f,0f,0f,0f,1f],start_interpolation: 0,interpolation_duration: 1}
$data merge entity $(bone_leg2_right) {transformation: [-1f,0f,0f,-0.1125f,0f,0.9972f,-0.0744f,0.2022f,0f,-0.0744f,-0.9972f,-0.07f,0f,0f,0f,1f],start_interpolation: 0,interpolation_duration: 1}