# This file was generated by Animated Java via MC-Build. It is not recommended to edit this file directly.
$data merge entity $(bone_ear_left) {transformation: [-0.9705f,0.0982f,0.2204f,0.0789f,0.1133f,0.9919f,0.057f,0.5034f,-0.213f,0.0803f,-0.9737f,0.226f,0f,0f,0f,1f],start_interpolation: 0,interpolation_duration: 1}
$data merge entity $(bone_ear_right) {transformation: [-0.9705f,-0.0982f,-0.2204f,-0.0788f,-0.1133f,0.9919f,0.057f,0.5034f,0.213f,0.0803f,-0.9737f,0.226f,0f,0f,0f,1f],start_interpolation: 0,interpolation_duration: 1}
$data merge entity $(bone_head) {transformation: [-1f,0f,0f,0f,0f,0.9987f,0.0507f,0.3926f,0f,0.0507f,-0.9987f,0.2171f,0f,0f,0f,1f],start_interpolation: 0,interpolation_duration: 1}
$data merge entity $(bone_tail) {transformation: [-1f,0f,0f,0f,0f,0.9999f,-0.0107f,0.3691f,0f,-0.0107f,-0.9999f,-0.2218f,0f,0f,0f,1f],start_interpolation: 0,interpolation_duration: 1}
$data merge entity $(bone_body) {transformation: [-1f,0f,0f,0f,0f,0.9999f,-0.0107f,0.257f,0f,-0.0107f,-0.9999f,-0.0027f,0f,0f,0f,1f],start_interpolation: 0,interpolation_duration: 1}
$data merge entity $(bone_leg_left) {transformation: [-0.9999f,0.0123f,0.0014f,0.1126f,0.0121f,0.9969f,-0.0775f,0.1365f,-0.0023f,-0.0774f,-0.997f,0.2099f,0f,0f,0f,1f],start_interpolation: 0,interpolation_duration: 1}
$data merge entity $(bone_leg_right) {transformation: [-1f,0f,0f,-0.1125f,0f,0.9999f,-0.0171f,0.1803f,0f,-0.0171f,-0.9999f,0.1907f,0f,0f,0f,1f],start_interpolation: 0,interpolation_duration: 1}
$data merge entity $(bone_leg2_left) {transformation: [-1f,0f,0f,0.1125f,0f,0.9721f,0.2344f,0.1421f,0f,0.2344f,-0.9721f,-0.1343f,0f,0f,0f,1f],start_interpolation: 0,interpolation_duration: 1}
$data merge entity $(bone_leg2_right) {transformation: [-1f,0f,0f,-0.1125f,0f,0.9461f,-0.3238f,0.16f,0f,-0.3238f,-0.9461f,-0.0389f,0f,0f,0f,1f],start_interpolation: 0,interpolation_duration: 1}