# This file was generated by Animated Java via MC-Build. It is not recommended to edit this file directly.
$data merge entity $(bone_ear_left) {transformation: [-0.9546f,0.1203f,0.2725f,0.0789f,0.1412f,0.9883f,0.0582f,0.5065f,-0.2623f,0.094f,-0.9604f,0.2226f,0f,0f,0f,1f],start_interpolation: 0,interpolation_duration: 1}
$data merge entity $(bone_ear_right) {transformation: [-0.9546f,-0.1203f,-0.2725f,-0.0788f,-0.1412f,0.9883f,0.0582f,0.5065f,0.2623f,0.094f,-0.9604f,0.2226f,0f,0f,0f,1f],start_interpolation: 0,interpolation_duration: 1}
$data merge entity $(bone_head) {transformation: [-1f,0f,0f,0f,0f,0.9983f,0.0578f,0.3956f,0f,0.0578f,-0.9983f,0.213f,0f,0f,0f,1f],start_interpolation: 0,interpolation_duration: 1}
$data merge entity $(bone_tail) {transformation: [-1f,0f,0f,0f,0f,0.9998f,-0.0213f,0.3675f,0f,-0.0213f,-0.9998f,-0.2257f,0f,0f,0f,1f],start_interpolation: 0,interpolation_duration: 1}
$data merge entity $(bone_body) {transformation: [-1f,0f,0f,0f,0f,0.9998f,-0.0213f,0.2577f,0f,-0.0213f,-0.9998f,-0.0054f,0f,0f,0f,1f],start_interpolation: 0,interpolation_duration: 1}
$data merge entity $(bone_leg_left) {transformation: [-0.9996f,0.0286f,0.004f,0.1127f,0.0283f,0.9978f,-0.06f,0.1385f,-0.0057f,-0.0599f,-0.9982f,0.1947f,0f,0f,0f,1f],start_interpolation: 0,interpolation_duration: 1}
$data merge entity $(bone_leg_right) {transformation: [-1f,0f,0f,-0.1125f,0f,0.9926f,-0.1212f,0.1888f,0f,-0.1212f,-0.9926f,0.19f,0f,0f,0f,1f],start_interpolation: 0,interpolation_duration: 1}
$data merge entity $(bone_leg2_left) {transformation: [-1f,0f,0f,0.1125f,0f,0.9554f,0.2953f,0.1407f,0f,0.2953f,-0.9554f,-0.1368f,0f,0f,0f,1f],start_interpolation: 0,interpolation_duration: 1}
$data merge entity $(bone_leg2_right) {transformation: [-1f,0f,0f,-0.1125f,0f,0.9248f,-0.3804f,0.1465f,0f,-0.3804f,-0.9248f,-0.036f,0f,0f,0f,1f],start_interpolation: 0,interpolation_duration: 1}