# This file was generated by Animated Java via MC-Build. It is not recommended to edit this file directly.
$data merge entity $(bone_ear_left) {transformation: [-0.9895f,-0.1446f,0f,0.1315f,-0.1423f,0.9741f,0.1756f,0.8112f,-0.0254f,0.1738f,-0.9845f,0.4114f,0f,0f,0f,1f],start_interpolation: 0,interpolation_duration: 1}
$data merge entity $(bone_ear_right) {transformation: [-0.9894f,0.1451f,0f,-0.1313f,0.1429f,0.974f,0.1756f,0.8113f,0.0255f,0.1738f,-0.9845f,0.4114f,0f,0f,0f,1f],start_interpolation: 0,interpolation_duration: 1}
$data merge entity $(bone_head) {transformation: [-1f,0.0003f,0f,0f,0.0003f,0.9845f,0.1756f,0.6298f,0f,0.1756f,-0.9845f,0.3736f,0f,0f,0f,1f],start_interpolation: 0,interpolation_duration: 1}
$data merge entity $(bone_tail) {transformation: [-1f,0f,0f,0f,0f,0.9999f,-0.0122f,0.5895f,0f,-0.0122f,-0.9999f,-0.3579f,0f,0f,0f,1f],start_interpolation: 0,interpolation_duration: 1}
$data merge entity $(bone_body) {transformation: [-1f,0f,0f,0f,0f,0.9999f,-0.0122f,0.4032f,0f,-0.0122f,-0.9999f,0.0075f,0f,0f,0f,1f],start_interpolation: 0,interpolation_duration: 1}
$data merge entity $(bone_leg_left) {transformation: [-1f,0f,0f,0.1875f,0f,1f,0f,0.2472f,0f,0f,-1f,0.3125f,0f,0f,0f,1f],start_interpolation: 0,interpolation_duration: 1}
$data merge entity $(bone_leg_right) {transformation: [-1f,0f,0f,-0.1875f,0f,1f,0f,0.2472f,0f,0f,-1f,0.3125f,0f,0f,0f,1f],start_interpolation: 0,interpolation_duration: 1}
$data merge entity $(bone_leg2_left) {transformation: [-1f,0f,0f,0.1875f,0f,1f,0f,0.2472f,0f,0f,-1f,-0.1875f,0f,0f,0f,1f],start_interpolation: 0,interpolation_duration: 1}
$data merge entity $(bone_leg2_right) {transformation: [-1f,0f,0f,-0.1875f,0f,1f,0f,0.2472f,0f,0f,-1f,-0.1875f,0f,0f,0f,1f],start_interpolation: 0,interpolation_duration: 1}