# This file was generated by Animated Java via MC-Build. It is not recommended to edit this file directly.
$data merge entity $(bone_ear_left) {transformation: [-0.9994f,-0.0337f,0.0001f,0.1316f,-0.0327f,0.9719f,0.2333f,0.7943f,-0.008f,0.2331f,-0.9724f,0.4278f,0f,0f,0f,1f],start_interpolation: 0,interpolation_duration: 1}
$data merge entity $(bone_ear_right) {transformation: [-0.9994f,0.0358f,0.0001f,-0.1311f,0.0349f,0.9718f,0.2333f,0.7946f,0.0083f,0.2331f,-0.9724f,0.4278f,0f,0f,0f,1f],start_interpolation: 0,interpolation_duration: 1}
$data merge entity $(bone_head) {transformation: [-1f,0.0011f,0.0001f,0f,0.0011f,0.9724f,0.2333f,0.6155f,0.0002f,0.2333f,-0.9724f,0.3793f,0f,0f,0f,1f],start_interpolation: 0,interpolation_duration: 1}
$data merge entity $(bone_tail) {transformation: [-1f,0f,0f,0f,0f,1f,-0.0033f,0.5817f,0f,-0.0033f,-1f,-0.3525f,0f,0f,0f,1f],start_interpolation: 0,interpolation_duration: 1}
$data merge entity $(bone_body) {transformation: [-1f,0f,0f,0f,0f,1f,-0.0033f,0.3922f,0f,-0.0033f,-1f,0.0112f,0f,0f,0f,1f],start_interpolation: 0,interpolation_duration: 1}
$data merge entity $(bone_leg_left) {transformation: [-1f,0f,0f,0.1875f,0f,1f,0f,0.2468f,0f,0f,-1f,0.3125f,0f,0f,0f,1f],start_interpolation: 0,interpolation_duration: 1}
$data merge entity $(bone_leg_right) {transformation: [-1f,0f,0f,-0.1875f,0f,1f,0f,0.2468f,0f,0f,-1f,0.3125f,0f,0f,0f,1f],start_interpolation: 0,interpolation_duration: 1}
$data merge entity $(bone_leg2_left) {transformation: [-1f,0f,0f,0.1875f,0f,1f,0f,0.2468f,0f,0f,-1f,-0.1875f,0f,0f,0f,1f],start_interpolation: 0,interpolation_duration: 1}
$data merge entity $(bone_leg2_right) {transformation: [-1f,0f,0f,-0.1875f,0f,1f,0f,0.2468f,0f,0f,-1f,-0.1875f,0f,0f,0f,1f],start_interpolation: 0,interpolation_duration: 1}