# This file was generated by Animated Java via MC-Build. It is not recommended to edit this file directly.
$data merge entity $(bone_hair) {transformation: [-1f,0.0079f,0f,-0.0066f,0.0079f,1f,0f,1.4566f,0f,0f,-1f,0f,0f,0f,0f,1f],start_interpolation: 0,interpolation_duration: 1}
$data merge entity $(bone_head) {transformation: [-1f,0.0079f,0f,-0.008f,0.0079f,1f,0f,1.2691f,0f,0f,-1f,0f,0f,0f,0f,1f],start_interpolation: 0,interpolation_duration: 1}
$data merge entity $(bone_arm_right) {transformation: [-0.9999f,0.0028f,0.0102f,-0.3215f,0.0041f,0.9913f,0.1317f,1.2115f,-0.0097f,0.1317f,-0.9912f,-0.0325f,0f,0f,0f,1f],start_interpolation: 0,interpolation_duration: 1}
$data merge entity $(bone_arm_left) {transformation: [-0.9996f,0.0284f,0.006f,0.3034f,0.0273f,0.9908f,-0.1325f,1.2017f,-0.0097f,-0.1323f,-0.9912f,0.0325f,0f,0f,0f,1f],start_interpolation: 0,interpolation_duration: 1}
$data merge entity $(bone_body) {transformation: [-0.9999f,0.0157f,0f,-0.0169f,0.0157f,0.9999f,0f,0.7067f,0f,0f,-1f,0f,0f,0f,0f,1f],start_interpolation: 0,interpolation_duration: 1}
$data merge entity $(bone_leg_left) {transformation: [-0.9991f,0.0402f,0.0128f,0.1081f,0.0415f,0.8797f,0.4737f,0.5322f,0.0077f,0.4738f,-0.8806f,0.0262f,0f,0f,0f,1f],start_interpolation: 0,interpolation_duration: 1}
$data merge entity $(bone_leg_right) {transformation: [-0.9982f,-0.0593f,0.0002f,-0.1419f,-0.0588f,0.9891f,-0.1346f,0.5338f,0.0078f,-0.1344f,-0.9909f,0.0582f,0f,0f,0f,1f],start_interpolation: 0,interpolation_duration: 1}