# This file was generated by Animated Java via MC-Build. It is not recommended to edit this file directly.
$data merge entity $(bone_hair) {transformation: [-0.9999f,0.0105f,0f,-0.0088f,0.0105f,0.9999f,0f,1.4751f,0f,0f,-1f,0f,0f,0f,0f,1f],start_interpolation: 0,interpolation_duration: 1}
$data merge entity $(bone_head) {transformation: [-0.9999f,0.0105f,0f,-0.0107f,0.0105f,0.9999f,0f,1.2876f,0f,0f,-1f,0f,0f,0f,0f,1f],start_interpolation: 0,interpolation_duration: 1}
$data merge entity $(bone_arm_right) {transformation: [-0.9997f,0.0215f,0.0064f,-0.3245f,0.022f,0.9964f,0.0822f,1.2316f,-0.0046f,0.0823f,-0.9966f,-0.0155f,0f,0f,0f,1f],start_interpolation: 0,interpolation_duration: 1}
$data merge entity $(bone_arm_left) {transformation: [-0.9998f,0.0202f,0.003f,0.3004f,0.0199f,0.9966f,-0.0797f,1.2186f,-0.0046f,-0.0796f,-0.9968f,0.0155f,0f,0f,0f,1f],start_interpolation: 0,interpolation_duration: 1}
$data merge entity $(bone_body) {transformation: [-0.9998f,0.0209f,0f,-0.0225f,0.0209f,0.9998f,0f,0.7252f,0f,0f,-1f,0f,0f,0f,0f,1f],start_interpolation: 0,interpolation_duration: 1}
$data merge entity $(bone_leg_left) {transformation: [-0.9991f,0.0389f,0.0141f,0.1025f,0.0412f,0.9056f,0.4221f,0.5872f,0.0037f,0.4223f,-0.9064f,0.0849f,0f,0f,0f,1f],start_interpolation: 0,interpolation_duration: 1}
$data merge entity $(bone_leg_right) {transformation: [-0.9978f,-0.0669f,0.0007f,-0.1475f,-0.0668f,0.9956f,-0.066f,0.5441f,0.0037f,-0.0659f,-0.9978f,0.0267f,0f,0f,0f,1f],start_interpolation: 0,interpolation_duration: 1}