# This file was generated by Animated Java via MC-Build. It is not recommended to edit this file directly.
$data merge entity $(bone_hair) {transformation: [-0.9999f,0.0131f,0f,-0.0109f,0.0131f,0.9999f,0f,1.4935f,0f,0f,-1f,0f,0f,0f,0f,1f],start_interpolation: 0,interpolation_duration: 1}
$data merge entity $(bone_head) {transformation: [-0.9999f,0.0131f,0f,-0.0134f,0.0131f,0.9999f,0f,1.3061f,0f,0f,-1f,0f,0f,0f,0f,1f],start_interpolation: 0,interpolation_duration: 1}
$data merge entity $(bone_arm_right) {transformation: [-0.9994f,0.0345f,0.0012f,-0.3274f,0.0346f,0.9988f,0.034f,1.2518f,0f,0.034f,-0.9994f,0f,0f,0f,0f,1f],start_interpolation: 0,interpolation_duration: 1}
$data merge entity $(bone_arm_left) {transformation: [-0.9998f,0.0178f,-0.0005f,0.2974f,0.0178f,0.9994f,-0.0301f,1.2354f,0f,-0.0301f,-0.9995f,0f,0f,0f,0f,1f],start_interpolation: 0,interpolation_duration: 1}
$data merge entity $(bone_body) {transformation: [-0.9997f,0.0262f,0f,-0.0281f,0.0262f,0.9997f,0f,0.7438f,0f,0f,-1f,0f,0f,0f,0f,1f],start_interpolation: 0,interpolation_duration: 1}
$data merge entity $(bone_leg_left) {transformation: [-0.9992f,0.0385f,0.0142f,0.0969f,0.041f,0.9374f,0.3458f,0.6328f,0f,0.3461f,-0.9382f,0.1313f,0f,0f,0f,1f],start_interpolation: 0,interpolation_duration: 1}
$data merge entity $(bone_leg_right) {transformation: [-0.9974f,-0.0715f,0f,-0.1531f,-0.0715f,0.9974f,0f,0.5563f,0f,0f,-1f,0f,0f,0f,0f,1f],start_interpolation: 0,interpolation_duration: 1}