# This file was generated by Animated Java via MC-Build. It is not recommended to edit this file directly.
$data merge entity $(bone_hair) {transformation: [-0.9999f,0.0131f,0f,0.0003f,0.0131f,0.9999f,0f,1.5101f,0f,0f,-1f,0f,0f,0f,0f,1f],start_interpolation: 0,interpolation_duration: 1}
$data merge entity $(bone_head) {transformation: [-0.9999f,0.0131f,0f,-0.0022f,0.0131f,0.9999f,0f,1.3226f,0f,0f,-1f,0f,0f,0f,0f,1f],start_interpolation: 0,interpolation_duration: 1}
$data merge entity $(bone_arm_right) {transformation: [-0.9998f,0.017f,-0.0111f,-0.3162f,0.018f,0.9953f,-0.0952f,1.2683f,0.0094f,-0.0954f,-0.9954f,0.0319f,0f,0f,0f,1f],start_interpolation: 0,interpolation_duration: 1}
$data merge entity $(bone_arm_left) {transformation: [-0.9994f,0.0351f,-0.0063f,0.3086f,0.0344f,0.9955f,0.0887f,1.252f,0.0094f,0.0885f,-0.996f,-0.0319f,0f,0f,0f,1f],start_interpolation: 0,interpolation_duration: 1}
$data merge entity $(bone_body) {transformation: [-0.9997f,0.0262f,0f,-0.0169f,0.0262f,0.9997f,0f,0.7603f,0f,0f,-1f,0f,0f,0f,0f,1f],start_interpolation: 0,interpolation_duration: 1}
$data merge entity $(bone_leg_left) {transformation: [-0.9991f,0.0411f,0.0063f,0.1081f,0.0409f,0.9986f,-0.0337f,0.6544f,-0.0076f,-0.0335f,-0.9994f,0.1716f,0f,0f,0f,1f],start_interpolation: 0,interpolation_duration: 1}
$data merge entity $(bone_leg_right) {transformation: [-0.9981f,-0.0613f,-0.0029f,-0.1419f,-0.0609f,0.9834f,0.171f,0.5703f,-0.0077f,0.1709f,-0.9853f,-0.0363f,0f,0f,0f,1f],start_interpolation: 0,interpolation_duration: 1}