# This file was generated by Animated Java via MC-Build. It is not recommended to edit this file directly.
$data merge entity $(bone_hair) {transformation: [-1f,0.0044f,0f,0.0001f,0.0044f,1f,0f,1.4826f,0f,0f,-1f,0f,0f,0f,0f,1f],start_interpolation: 0,interpolation_duration: 1}
$data merge entity $(bone_head) {transformation: [-1f,0.0044f,0f,-0.0007f,0.0044f,1f,0f,1.2951f,0f,0f,-1f,0f,0f,0f,0f,1f],start_interpolation: 0,interpolation_duration: 1}
$data merge entity $(bone_arm_right) {transformation: [-0.9996f,-0.0265f,-0.0108f,-0.3137f,-0.0234f,0.9741f,-0.2248f,1.2353f,0.0165f,-0.2245f,-0.9743f,0.0558f,0f,0f,0f,1f],start_interpolation: 0,interpolation_duration: 1}
$data merge entity $(bone_arm_left) {transformation: [-0.999f,0.0434f,-0.0072f,0.3112f,0.0408f,0.9751f,0.2178f,1.2299f,0.0165f,0.2173f,-0.976f,-0.0558f,0f,0f,0f,1f],start_interpolation: 0,interpolation_duration: 1}
$data merge entity $(bone_body) {transformation: [-1f,0.0087f,0f,-0.0056f,0.0087f,1f,0f,0.7326f,0f,0f,-1f,0f,0f,0f,0f,1f],start_interpolation: 0,interpolation_duration: 1}
$data merge entity $(bone_leg_left) {transformation: [-0.9991f,0.0423f,0.0017f,0.1194f,0.0402f,0.9599f,-0.2774f,0.5681f,-0.0133f,-0.2771f,-0.9607f,0.0951f,0f,0f,0f,1f],start_interpolation: 0,interpolation_duration: 1}
$data merge entity $(bone_leg_right) {transformation: [-0.9988f,-0.0483f,-0.0005f,-0.1306f,-0.0464f,0.9569f,0.2866f,0.5452f,-0.0133f,0.2863f,-0.9581f,-0.0592f,0f,0f,0f,1f],start_interpolation: 0,interpolation_duration: 1}