# This file was generated by Animated Java via MC-Build. It is not recommended to edit this file directly.
$data merge entity $(bone_hair) {transformation: [-1f,0f,0f,0f,0f,1f,0f,1.4688f,0f,0f,-1f,0f,0f,0f,0f,1f],start_interpolation: 0,interpolation_duration: 1}
$data merge entity $(bone_head) {transformation: [-1f,0f,0f,0f,0f,1f,0f,1.2813f,0f,0f,-1f,0f,0f,0f,0f,1f],start_interpolation: 0,interpolation_duration: 1}
$data merge entity $(bone_arm_right) {transformation: [-0.999f,-0.043f,-0.0074f,-0.3125f,-0.0395f,0.9641f,-0.2628f,1.2188f,0.0184f,-0.2622f,-0.9648f,0.0625f,0f,0f,0f,1f],start_interpolation: 0,interpolation_duration: 1}
$data merge entity $(bone_arm_left) {transformation: [-0.999f,0.0429f,-0.0077f,0.3125f,0.0395f,0.9659f,0.256f,1.2188f,0.0184f,0.2555f,-0.9666f,-0.0625f,0f,0f,0f,1f],start_interpolation: 0,interpolation_duration: 1}
$data merge entity $(bone_body) {transformation: [-1f,0f,0f,0f,0f,1f,0f,0.7188f,0f,0f,-1f,0f,0f,0f,0f,1f],start_interpolation: 0,interpolation_duration: 1}
$data merge entity $(bone_leg_left) {transformation: [-0.999f,0.0436f,0f,0.125f,0.041f,0.9388f,-0.342f,0.5313f,-0.0149f,-0.3417f,-0.9397f,0.0625f,0f,0f,0f,1f],start_interpolation: 0,interpolation_duration: 1}
$data merge entity $(bone_leg_right) {transformation: [-0.999f,-0.0436f,0f,-0.125f,-0.041f,0.9388f,0.342f,0.5313f,-0.0149f,0.3417f,-0.9397f,-0.0625f,0f,0f,0f,1f],start_interpolation: 0,interpolation_duration: 1}