# This file was generated by Animated Java via MC-Build. It is not recommended to edit this file directly.
$data merge entity $(bone_hair) {transformation: [-0.9999f,-0.0131f,0f,0.0053f,-0.0131f,0.9999f,0f,1.5018f,0f,0f,-1f,0f,0f,0f,0f,1f],start_interpolation: 0,interpolation_duration: 1}
$data merge entity $(bone_head) {transformation: [-0.9999f,-0.0131f,0f,0.0078f,-0.0131f,0.9999f,0f,1.3143f,0f,0f,-1f,0f,0f,0f,0f,1f],start_interpolation: 0,interpolation_duration: 1}
$data merge entity $(bone_arm_right) {transformation: [-0.9997f,-0.0223f,0.0044f,-0.303f,-0.0222f,0.9994f,0.0269f,1.2437f,-0.005f,0.0268f,-0.9996f,-0.0169f,0f,0f,0f,1f],start_interpolation: 0,interpolation_duration: 1}
$data merge entity $(bone_arm_left) {transformation: [-0.9995f,-0.0299f,0.0065f,0.3218f,-0.0302f,0.9983f,-0.0491f,1.26f,-0.005f,-0.0492f,-0.9988f,0.0169f,0f,0f,0f,1f],start_interpolation: 0,interpolation_duration: 1}
$data merge entity $(bone_body) {transformation: [-0.9997f,-0.0262f,0f,0.0225f,-0.0262f,0.9997f,0f,0.752f,0f,0f,-1f,0f,0f,0f,0f,1f],start_interpolation: 0,interpolation_duration: 1}
$data merge entity $(bone_leg_left) {transformation: [-0.9976f,0.0688f,0.0019f,0.1475f,0.0687f,0.9938f,0.0872f,0.562f,0.0041f,0.0871f,-0.9962f,-0.0214f,0f,0f,0f,1f],start_interpolation: 0,interpolation_duration: 1}
$data merge entity $(bone_leg_right) {transformation: [-0.9992f,-0.0396f,-0.0109f,-0.1025f,-0.0409f,0.9849f,0.1685f,0.6542f,0.0041f,0.1688f,-0.9856f,0.1677f,0f,0f,0f,1f],start_interpolation: 0,interpolation_duration: 1}