# This file was generated by Animated Java via MC-Build. It is not recommended to edit this file directly.
$data merge entity $(bone_wheel_left) {transformation: [-1f,0f,0f,-0.5844f,0f,-0.5878f,-0.809f,0.4184f,0f,-0.809f,0.5878f,-0.0688f,0f,0f,0f,1f],start_interpolation: 0,interpolation_duration: 1}
$data merge entity $(bone_wheel_right) {transformation: [-1f,0f,0f,0.5844f,0f,-0.5878f,-0.809f,0.4184f,0f,-0.809f,0.5878f,-0.0687f,0f,0f,0f,1f],start_interpolation: 0,interpolation_duration: 1}
$data merge entity $(bone_lunyi) {transformation: [-1f,0f,0f,0f,0f,1f,0f,0.0122f,0f,0f,-1f,-0.0625f,0f,0f,0f,1f],start_interpolation: 0,interpolation_duration: 1}
$data merge entity $(bone_hair) {transformation: [-1f,0f,0f,0f,0f,0.9851f,0.1719f,1.5081f,0f,0.1719f,-0.9851f,0.029f,0f,0f,0f,1f],start_interpolation: 0,interpolation_duration: 1}
$data merge entity $(bone_head) {transformation: [-1f,0f,0f,0f,0f,0.9851f,0.1719f,1.5066f,0f,0.1719f,-0.9851f,0.0287f,0f,0f,0f,1f],start_interpolation: 0,interpolation_duration: 1}
$data merge entity $(bone_arm_right1) {transformation: [-0.9955f,0.0584f,-0.0751f,-0.4666f,0.094f,0.4799f,-0.8722f,1.079f,-0.0149f,-0.8754f,-0.4833f,0.0745f,0f,0f,0f,1f],start_interpolation: 0,interpolation_duration: 1}
$data merge entity $(bone_arm_right) {transformation: [-0.9955f,0.095f,-0.0048f,-0.3125f,0.094f,0.9741f,-0.2059f,1.3717f,-0.0149f,-0.2054f,-0.9786f,0.0122f,0f,0f,0f,1f],start_interpolation: 0,interpolation_duration: 1}
$data merge entity $(bone_arm_left1) {transformation: [-0.9955f,-0.0584f,0.0751f,0.4666f,-0.094f,0.4799f,-0.8722f,1.079f,0.0149f,-0.8754f,-0.4833f,0.0745f,0f,0f,0f,1f],start_interpolation: 0,interpolation_duration: 1}
$data merge entity $(bone_arm_left) {transformation: [-0.9955f,-0.095f,0.0048f,0.3125f,-0.094f,0.9741f,-0.2059f,1.3717f,0.0149f,-0.2054f,-0.9786f,0.0122f,0f,0f,0f,1f],start_interpolation: 0,interpolation_duration: 1}
$data merge entity $(bone_body) {transformation: [-1f,0f,0f,0f,0f,0.9926f,0.1216f,0.7622f,0f,0.1216f,-0.9926f,-0.0625f,0f,0f,0f,1f],start_interpolation: 0,interpolation_duration: 1}
$data merge entity $(bone_leg_right1) {transformation: [-0.9897f,-0.0373f,0.1385f,-0.2008f,-0.0063f,0.9759f,0.2183f,0.7129f,-0.1434f,0.2152f,-0.966f,0.242f,0f,0f,0f,1f],start_interpolation: 0,interpolation_duration: 1}
$data merge entity $(bone_leg_right) {transformation: [-0.9897f,0.1435f,0f,-0.125f,-0.0063f,-0.0432f,-0.999f,0.6997f,-0.1434f,-0.9887f,0.0436f,-0.0625f,0f,0f,0f,1f],start_interpolation: 0,interpolation_duration: 1}
$data merge entity $(bone_leg_left1) {transformation: [-0.999f,0.0087f,-0.0428f,0.1699f,0.0019f,0.9878f,0.1557f,0.7132f,0.0436f,0.1555f,-0.9869f,0.248f,0f,0f,0f,1f],start_interpolation: 0,interpolation_duration: 1}
$data merge entity $(bone_leg_left) {transformation: [-0.999f,-0.0436f,0f,0.125f,0.0019f,-0.0436f,-0.999f,0.6997f,0.0436f,-0.9981f,0.0436f,-0.0625f,0f,0f,0f,1f],start_interpolation: 0,interpolation_duration: 1}