# This file was generated by Animated Java via MC-Build. It is not recommended to edit this file directly.
$data merge entity $(bone_wheel_left) {transformation: [-1f,0f,0f,-0.5844f,0f,0f,-1f,0.425f,0f,-1f,0f,-0.0688f,0f,0f,0f,1f],start_interpolation: 0,interpolation_duration: 1}
$data merge entity $(bone_wheel_right) {transformation: [-1f,0f,0f,0.5844f,0f,0f,-1f,0.425f,0f,-1f,0f,-0.0687f,0f,0f,0f,1f],start_interpolation: 0,interpolation_duration: 1}
$data merge entity $(bone_lunyi) {transformation: [-1f,0f,0f,0f,0f,1f,0f,0.0188f,0f,0f,-1f,-0.0625f,0f,0f,0f,1f],start_interpolation: 0,interpolation_duration: 1}
$data merge entity $(bone_hair) {transformation: [-1f,0f,0f,0f,0f,0.9826f,0.1858f,1.5193f,0f,0.1858f,-0.9826f,-0.0235f,0f,0f,0f,1f],start_interpolation: 0,interpolation_duration: 1}
$data merge entity $(bone_head) {transformation: [-1f,0f,0f,0f,0f,0.9826f,0.1858f,1.5178f,0f,0.1858f,-0.9826f,-0.0238f,0f,0f,0f,1f],start_interpolation: 0,interpolation_duration: 1}
$data merge entity $(bone_arm_right1) {transformation: [-0.9955f,0.0544f,-0.078f,-0.4663f,0.0927f,0.3702f,-0.9243f,1.0832f,-0.0214f,-0.9273f,-0.3736f,-0.0128f,0f,0f,0f,1f],start_interpolation: 0,interpolation_duration: 1}
$data merge entity $(bone_arm_right) {transformation: [-0.9955f,0.0939f,0.0151f,-0.3125f,0.0927f,0.9934f,-0.0681f,1.382f,-0.0214f,-0.0664f,-0.9976f,-0.0308f,0f,0f,0f,1f],start_interpolation: 0,interpolation_duration: 1}
$data merge entity $(bone_arm_left1) {transformation: [-0.9955f,-0.0544f,0.078f,0.4663f,-0.0927f,0.3702f,-0.9243f,1.0832f,0.0214f,-0.9273f,-0.3736f,-0.0128f,0f,0f,0f,1f],start_interpolation: 0,interpolation_duration: 1}
$data merge entity $(bone_arm_left) {transformation: [-0.9955f,-0.0939f,-0.0151f,0.3125f,-0.0927f,0.9934f,-0.0681f,1.382f,0.0214f,-0.0664f,-0.9976f,-0.0308f,0f,0f,0f,1f],start_interpolation: 0,interpolation_duration: 1}
$data merge entity $(bone_body) {transformation: [-1f,0f,0f,0f,0f,0.9987f,0.0516f,0.7688f,0f,0.0516f,-0.9987f,-0.0625f,0f,0f,0f,1f],start_interpolation: 0,interpolation_duration: 1}
$data merge entity $(bone_leg_right1) {transformation: [-0.9897f,-0.0359f,0.1389f,-0.2008f,-0.0063f,0.978f,0.2083f,0.7195f,-0.1434f,0.2053f,-0.9681f,0.242f,0f,0f,0f,1f],start_interpolation: 0,interpolation_duration: 1}
$data merge entity $(bone_leg_right) {transformation: [-0.9897f,0.1435f,0f,-0.125f,-0.0063f,-0.0432f,-0.999f,0.7063f,-0.1434f,-0.9887f,0.0436f,-0.0625f,0f,0f,0f,1f],start_interpolation: 0,interpolation_duration: 1}
$data merge entity $(bone_leg_left1) {transformation: [-0.999f,0.0082f,-0.0428f,0.1699f,0.0019f,0.9893f,0.1456f,0.7198f,0.0436f,0.1454f,-0.9884f,0.248f,0f,0f,0f,1f],start_interpolation: 0,interpolation_duration: 1}
$data merge entity $(bone_leg_left) {transformation: [-0.999f,-0.0436f,0f,0.125f,0.0019f,-0.0436f,-0.999f,0.7063f,0.0436f,-0.9981f,0.0436f,-0.0625f,0f,0f,0f,1f],start_interpolation: 0,interpolation_duration: 1}