# This file was generated by Animated Java via MC-Build. It is not recommended to edit this file directly.
$data merge entity $(bone_wheel_left) {transformation: [-1f,0f,0f,-0.5844f,0f,0.309f,0.9511f,0.4231f,0f,0.9511f,-0.309f,-0.0688f,0f,0f,0f,1f],start_interpolation: 0,interpolation_duration: 1}
$data merge entity $(bone_wheel_right) {transformation: [-1f,0f,0f,0.5844f,0f,0.309f,0.9511f,0.4231f,0f,0.9511f,-0.309f,-0.0687f,0f,0f,0f,1f],start_interpolation: 0,interpolation_duration: 1}
$data merge entity $(bone_lunyi) {transformation: [-1f,0f,0f,0f,0f,1f,0f,0.0168f,0f,0f,-1f,-0.0625f,0f,0f,0f,1f],start_interpolation: 0,interpolation_duration: 1}
$data merge entity $(bone_hair) {transformation: [-1f,0f,0f,0f,0f,1f,-0.0073f,1.5103f,0f,-0.0073f,-1f,0.0468f,0f,0f,0f,1f],start_interpolation: 0,interpolation_duration: 1}
$data merge entity $(bone_head) {transformation: [-1f,0f,0f,0f,0f,1f,-0.0073f,1.5088f,0f,-0.0073f,-1f,0.0468f,0f,0f,0f,1f],start_interpolation: 0,interpolation_duration: 1}
$data merge entity $(bone_arm_right1) {transformation: [-0.9955f,0.0852f,-0.0422f,-0.4667f,0.0943f,0.8255f,-0.5565f,1.0776f,-0.0126f,-0.5579f,-0.8298f,0.0653f,0f,0f,0f,1f],start_interpolation: 0,interpolation_duration: 1}
$data merge entity $(bone_arm_right) {transformation: [-0.9955f,0.0951f,0.0004f,-0.3125f,0.0943f,0.9873f,-0.1281f,1.3743f,-0.0126f,-0.1275f,-0.9918f,0.027f,0f,0f,0f,1f],start_interpolation: 0,interpolation_duration: 1}
$data merge entity $(bone_arm_left1) {transformation: [-0.9955f,-0.0852f,0.0422f,0.4667f,-0.0943f,0.8255f,-0.5565f,1.0776f,0.0126f,-0.5579f,-0.8298f,0.0653f,0f,0f,0f,1f],start_interpolation: 0,interpolation_duration: 1}
$data merge entity $(bone_arm_left) {transformation: [-0.9955f,-0.0951f,-0.0004f,0.3125f,-0.0943f,0.9873f,-0.1281f,1.3743f,0.0126f,-0.1275f,-0.9918f,0.027f,0f,0f,0f,1f],start_interpolation: 0,interpolation_duration: 1}
$data merge entity $(bone_body) {transformation: [-1f,0f,0f,0f,0f,0.9893f,0.1458f,0.7668f,0f,0.1458f,-0.9893f,-0.0625f,0f,0f,0f,1f],start_interpolation: 0,interpolation_duration: 1}
$data merge entity $(bone_leg_right1) {transformation: [-0.9897f,-0.0021f,0.1435f,-0.2008f,-0.0063f,0.9996f,-0.0288f,0.7176f,-0.1434f,-0.0294f,-0.9892f,0.242f,0f,0f,0f,1f],start_interpolation: 0,interpolation_duration: 1}
$data merge entity $(bone_leg_right) {transformation: [-0.9897f,0.1435f,0f,-0.125f,-0.0063f,-0.0432f,-0.999f,0.7043f,-0.1434f,-0.9887f,0.0436f,-0.0625f,0f,0f,0f,1f],start_interpolation: 0,interpolation_duration: 1}
$data merge entity $(bone_leg_left1) {transformation: [-0.999f,-0.0001f,-0.0436f,0.1699f,0.0019f,0.9989f,-0.0469f,0.7179f,0.0436f,-0.047f,-0.9979f,0.248f,0f,0f,0f,1f],start_interpolation: 0,interpolation_duration: 1}
$data merge entity $(bone_leg_left) {transformation: [-0.999f,-0.0436f,0f,0.125f,0.0019f,-0.0436f,-0.999f,0.7043f,0.0436f,-0.9981f,0.0436f,-0.0625f,0f,0f,0f,1f],start_interpolation: 0,interpolation_duration: 1}