# This file was generated by Animated Java via MC-Build. It is not recommended to edit this file directly.
$data merge entity $(bone_wheel_left) {transformation: [-1f,0f,0f,-0.5844f,0f,-0.5878f,0.809f,0.4184f,0f,0.809f,0.5878f,-0.0688f,0f,0f,0f,1f],start_interpolation: 0,interpolation_duration: 1}
$data merge entity $(bone_wheel_right) {transformation: [-1f,0f,0f,0.5844f,0f,-0.5878f,0.809f,0.4184f,0f,0.809f,0.5878f,-0.0687f,0f,0f,0f,1f],start_interpolation: 0,interpolation_duration: 1}
$data merge entity $(bone_lunyi) {transformation: [-1f,0f,0f,0f,0f,1f,0f,0.0122f,0f,0f,-1f,-0.0625f,0f,0f,0f,1f],start_interpolation: 0,interpolation_duration: 1}
$data merge entity $(bone_hair) {transformation: [-1f,0f,0f,0f,0f,0.9993f,0.0361f,1.4969f,0f,0.0361f,-0.9993f,0.0953f,0f,0f,0f,1f],start_interpolation: 0,interpolation_duration: 1}
$data merge entity $(bone_head) {transformation: [-1f,0f,0f,0f,0f,0.9993f,0.0361f,1.4954f,0f,0.0361f,-0.9993f,0.0952f,0f,0f,0f,1f],start_interpolation: 0,interpolation_duration: 1}
$data merge entity $(bone_arm_right1) {transformation: [-0.9955f,0.08f,-0.0516f,-0.4655f,0.0949f,0.7986f,-0.5944f,1.0823f,-0.0064f,-0.5966f,-0.8025f,0.1733f,0f,0f,0f,1f],start_interpolation: 0,interpolation_duration: 1}
$data merge entity $(bone_arm_right) {transformation: [-0.9955f,0.0913f,-0.0267f,-0.3125f,0.0949f,0.9345f,-0.3429f,1.3625f,-0.0064f,-0.3439f,-0.939f,0.0666f,0f,0f,0f,1f],start_interpolation: 0,interpolation_duration: 1}
$data merge entity $(bone_arm_left1) {transformation: [-0.9955f,-0.08f,0.0516f,0.4655f,-0.0949f,0.7986f,-0.5944f,1.0823f,0.0064f,-0.5966f,-0.8025f,0.1733f,0f,0f,0f,1f],start_interpolation: 0,interpolation_duration: 1}
$data merge entity $(bone_arm_left) {transformation: [-0.9955f,-0.0913f,0.0267f,0.3125f,-0.0949f,0.9345f,-0.3429f,1.3625f,0.0064f,-0.3439f,-0.939f,0.0666f,0f,0f,0f,1f],start_interpolation: 0,interpolation_duration: 1}
$data merge entity $(bone_body) {transformation: [-1f,0f,0f,0f,0f,0.9776f,0.2103f,0.7622f,0f,0.2103f,-0.9776f,-0.0625f,0f,0f,0f,1f],start_interpolation: 0,interpolation_duration: 1}
$data merge entity $(bone_leg_right1) {transformation: [-0.9897f,-0.0145f,0.1428f,-0.2008f,-0.0063f,0.9983f,0.0577f,0.7129f,-0.1434f,0.0562f,-0.9881f,0.242f,0f,0f,0f,1f],start_interpolation: 0,interpolation_duration: 1}
$data merge entity $(bone_leg_right) {transformation: [-0.9897f,0.1435f,0f,-0.125f,-0.0063f,-0.0432f,-0.999f,0.6997f,-0.1434f,-0.9887f,0.0436f,-0.0625f,0f,0f,0f,1f],start_interpolation: 0,interpolation_duration: 1}
$data merge entity $(bone_leg_left1) {transformation: [-0.999f,0.0029f,-0.0435f,0.1699f,0.0019f,0.9997f,0.0234f,0.7132f,0.0436f,0.0233f,-0.9988f,0.248f,0f,0f,0f,1f],start_interpolation: 0,interpolation_duration: 1}
$data merge entity $(bone_leg_left) {transformation: [-0.999f,-0.0436f,0f,0.125f,0.0019f,-0.0436f,-0.999f,0.6997f,0.0436f,-0.9981f,0.0436f,-0.0625f,0f,0f,0f,1f],start_interpolation: 0,interpolation_duration: 1}