# This file was generated by Animated Java via MC-Build. It is not recommended to edit this file directly.
$data merge entity $(bone_wheel_left) {transformation: [-1f,0f,0f,-0.5844f,0f,-0.809f,0.5878f,0.4129f,0f,0.5878f,0.809f,-0.0688f,0f,0f,0f,1f],start_interpolation: 0,interpolation_duration: 1}
$data merge entity $(bone_wheel_right) {transformation: [-1f,0f,0f,0.5844f,0f,-0.809f,0.5878f,0.4129f,0f,0.5878f,0.809f,-0.0687f,0f,0f,0f,1f],start_interpolation: 0,interpolation_duration: 1}
$data merge entity $(bone_lunyi) {transformation: [-1f,0f,0f,0f,0f,1f,0f,0.0066f,0f,0f,-1f,-0.0625f,0f,0f,0f,1f],start_interpolation: 0,interpolation_duration: 1}
$data merge entity $(bone_hair) {transformation: [-1f,0f,0f,0f,0f,0.9983f,0.0579f,1.4891f,0f,0.0579f,-0.9983f,0.1057f,0f,0f,0f,1f],start_interpolation: 0,interpolation_duration: 1}
$data merge entity $(bone_head) {transformation: [-1f,0f,0f,0f,0f,0.9983f,0.0579f,1.4875f,0f,0.0579f,-0.9983f,0.1056f,0f,0f,0f,1f],start_interpolation: 0,interpolation_duration: 1}
$data merge entity $(bone_arm_right1) {transformation: [-0.9955f,0.0783f,-0.0541f,-0.4653f,0.095f,0.7877f,-0.6087f,1.0751f,-0.005f,-0.6111f,-0.7915f,0.1826f,0f,0f,0f,1f],start_interpolation: 0,interpolation_duration: 1}
$data merge entity $(bone_arm_right) {transformation: [-0.9955f,0.0909f,-0.0282f,-0.3125f,0.095f,0.9339f,-0.3447f,1.355f,-0.005f,-0.3458f,-0.9383f,0.0751f,0f,0f,0f,1f],start_interpolation: 0,interpolation_duration: 1}
$data merge entity $(bone_arm_left1) {transformation: [-0.9955f,-0.0783f,0.0541f,0.4653f,-0.095f,0.7877f,-0.6087f,1.0751f,0.005f,-0.6111f,-0.7915f,0.1826f,0f,0f,0f,1f],start_interpolation: 0,interpolation_duration: 1}
$data merge entity $(bone_arm_left) {transformation: [-0.9955f,-0.0909f,0.0282f,0.3125f,-0.095f,0.9339f,-0.3447f,1.355f,0.005f,-0.3458f,-0.9383f,0.0751f,0f,0f,0f,1f],start_interpolation: 0,interpolation_duration: 1}
$data merge entity $(bone_body) {transformation: [-1f,0f,0f,0f,0f,0.9746f,0.2241f,0.7566f,0f,0.2241f,-0.9746f,-0.0625f,0f,0f,0f,1f],start_interpolation: 0,interpolation_duration: 1}
$data merge entity $(bone_leg_right1) {transformation: [-0.9897f,-0.0204f,0.142f,-0.2008f,-0.0063f,0.9951f,0.099f,0.7074f,-0.1434f,0.0971f,-0.9849f,0.242f,0f,0f,0f,1f],start_interpolation: 0,interpolation_duration: 1}
$data merge entity $(bone_leg_right) {transformation: [-0.9897f,0.1435f,0f,-0.125f,-0.0063f,-0.0432f,-0.999f,0.6941f,-0.1434f,-0.9887f,0.0436f,-0.0625f,0f,0f,0f,1f],start_interpolation: 0,interpolation_duration: 1}
$data merge entity $(bone_leg_left1) {transformation: [-0.999f,0.0045f,-0.0434f,0.1699f,0.0019f,0.9982f,0.0597f,0.7077f,0.0436f,0.0596f,-0.9973f,0.248f,0f,0f,0f,1f],start_interpolation: 0,interpolation_duration: 1}
$data merge entity $(bone_leg_left) {transformation: [-0.999f,-0.0436f,0f,0.125f,0.0019f,-0.0436f,-0.999f,0.6941f,0.0436f,-0.9981f,0.0436f,-0.0625f,0f,0f,0f,1f],start_interpolation: 0,interpolation_duration: 1}