# This file was generated by Animated Java via MC-Build. It is not recommended to edit this file directly.
$data merge entity $(bone_hair) {transformation: [-0.9998f,0.0159f,-0.0078f,0.0082f,0.0159f,0.9999f,0.0008f,1.3763f,0.0078f,0.0007f,-1f,-0.0013f,0f,0f,0f,1f],start_interpolation: 0,interpolation_duration: 1}
$data merge entity $(bone_head) {transformation: [-0.9998f,0.0159f,-0.0078f,0.0052f,0.0159f,0.9999f,0.0008f,1.1888f,0.0078f,0.0007f,-1f,-0.0014f,0f,0f,0f,1f],start_interpolation: 0,interpolation_duration: 1}
$data merge entity $(bone_arm_right) {transformation: [-0.9885f,0.1002f,0.1136f,-0.2963f,0.101f,0.9949f,0.0006f,1.0709f,-0.113f,0.012f,-0.9935f,-0.0172f,0f,0f,0f,1f],start_interpolation: 0,interpolation_duration: 1}
$data merge entity $(bone_arm_left) {transformation: [-0.9798f,-0.1325f,-0.1498f,0.3086f,-0.1331f,0.9911f,-0.0059f,1.0759f,0.1492f,0.0141f,-0.9887f,-0.0172f,0f,0f,0f,1f],start_interpolation: 0,interpolation_duration: 1}
$data merge entity $(bone_body) {transformation: [-1f,-0.0082f,0f,0.0103f,-0.0082f,1f,-0.0023f,0.5639f,0f,-0.0023f,-1f,0f,0f,0f,0f,1f],start_interpolation: 0,interpolation_duration: 1}
$data merge entity $(bone_leg_left) {transformation: [-0.9923f,-0.0595f,0.1088f,0.1355f,-0.0593f,0.9982f,0.0052f,0.6879f,-0.1089f,-0.0013f,-0.9941f,-0.0007f,0f,0f,0f,1f],start_interpolation: 0,interpolation_duration: 1}
$data merge entity $(bone_leg_right) {transformation: [-0.9888f,0.0581f,-0.1373f,-0.1149f,0.0576f,0.9983f,0.0078f,0.6881f,0.1376f,-0.0002f,-0.9905f,0f,0f,0f,0f,1f],start_interpolation: 0,interpolation_duration: 1}