# This file was generated by Animated Java via MC-Build. It is not recommended to edit this file directly.
$data merge entity $(bone_hair) {transformation: [-0.9999f,0.0102f,-0.0057f,0.0073f,0.0102f,0.9999f,0.0009f,1.3762f,0.0058f,0.0008f,-1f,-0.001f,0f,0f,0f,1f],start_interpolation: 0,interpolation_duration: 1}
$data merge entity $(bone_head) {transformation: [-0.9999f,0.0102f,-0.0057f,0.0054f,0.0102f,0.9999f,0.0009f,1.1887f,0.0058f,0.0008f,-1f,-0.0011f,0f,0f,0f,1f],start_interpolation: 0,interpolation_duration: 1}
$data merge entity $(bone_arm_right) {transformation: [-0.9875f,0.103f,0.1194f,-0.2961f,0.1038f,0.9946f,0.0005f,1.0708f,-0.1188f,0.0129f,-0.9928f,-0.0169f,0f,0f,0f,1f],start_interpolation: 0,interpolation_duration: 1}
$data merge entity $(bone_arm_left) {transformation: [-0.9812f,-0.1297f,-0.143f,0.3088f,-0.1304f,0.9914f,-0.0045f,1.0758f,0.1423f,0.0142f,-0.9897f,-0.0169f,0f,0f,0f,1f],start_interpolation: 0,interpolation_duration: 1}
$data merge entity $(bone_body) {transformation: [-1f,-0.0083f,0f,0.0106f,-0.0083f,1f,-0.0018f,0.5637f,0f,-0.0018f,-1f,0f,0f,0f,0f,1f],start_interpolation: 0,interpolation_duration: 1}
$data merge entity $(bone_leg_left) {transformation: [-0.9923f,-0.0592f,0.1088f,0.1357f,-0.0589f,0.9982f,0.0053f,0.6879f,-0.1089f,-0.0011f,-0.9941f,-0.0006f,0f,0f,0f,1f],start_interpolation: 0,interpolation_duration: 1}
$data merge entity $(bone_leg_right) {transformation: [-0.9888f,0.0585f,-0.137f,-0.1146f,0.0579f,0.9983f,0.0078f,0.688f,0.1372f,-0.0002f,-0.9905f,0f,0f,0f,0f,1f],start_interpolation: 0,interpolation_duration: 1}