# This file was generated by Animated Java via MC-Build. It is not recommended to edit this file directly.
$data merge entity $(bone_hair) {transformation: [-0.9978f,-0.0393f,0.0526f,0.0249f,-0.0401f,0.9991f,-0.0137f,1.3557f,-0.0521f,-0.0158f,-0.9985f,0.0107f,0f,0f,0f,1f],start_interpolation: 0,interpolation_duration: 1}
$data merge entity $(bone_head) {transformation: [-0.9978f,-0.0393f,0.0526f,0.0323f,-0.0401f,0.9991f,-0.0137f,1.1684f,-0.0521f,-0.0158f,-0.9985f,0.0137f,0f,0f,0f,1f],start_interpolation: 0,interpolation_duration: 1}
$data merge entity $(bone_arm_right) {transformation: [-0.9746f,0.1252f,0.1855f,-0.2684f,0.1305f,0.9913f,0.0164f,1.0486f,-0.1818f,0.0402f,-0.9825f,-0.0051f,0f,0f,0f,1f],start_interpolation: 0,interpolation_duration: 1}
$data merge entity $(bone_arm_left) {transformation: [-0.9909f,-0.1118f,-0.075f,0.3365f,-0.1141f,0.9931f,0.0262f,1.0579f,0.0716f,0.0345f,-0.9968f,-0.0051f,0f,0f,0f,1f],start_interpolation: 0,interpolation_duration: 1}
$data merge entity $(bone_body) {transformation: [-0.9999f,-0.0153f,-0.0003f,0.0418f,-0.0153f,0.9996f,0.0218f,0.5436f,0f,0.0218f,-0.9998f,0f,0f,0f,0f,1f],start_interpolation: 0,interpolation_duration: 1}
$data merge entity $(bone_leg_left) {transformation: [-0.9939f,-0.019f,0.1084f,0.1658f,-0.017f,0.9997f,0.0193f,0.6818f,-0.1087f,0.0173f,-0.9939f,0.0094f,0f,0f,0f,1f],start_interpolation: 0,interpolation_duration: 1}
$data merge entity $(bone_leg_right) {transformation: [-0.9901f,0.0998f,-0.0989f,-0.0816f,0.0999f,0.995f,0.004f,0.6801f,0.0988f,-0.0059f,-0.9951f,0f,0f,0f,0f,1f],start_interpolation: 0,interpolation_duration: 1}