# This file was generated by Animated Java via MC-Build. It is not recommended to edit this file directly.
$data merge entity $(bone_hat) {transformation: [-1f,0f,0f,0f,0f,0.9988f,-0.0491f,1.4688f,0f,-0.0491f,-0.9988f,0.0209f,0f,0f,0f,1f],start_interpolation: 0,interpolation_duration: 1}
$data merge entity $(bone_head) {transformation: [-1f,0f,0f,0f,0f,0.9988f,-0.0491f,1.4672f,0f,-0.0491f,-0.9988f,0.021f,0f,0f,0f,1f],start_interpolation: 0,interpolation_duration: 1}
$data merge entity $(bone_arm_right) {transformation: [-0.9664f,0.078f,0.245f,-0.3125f,0.0772f,0.9969f,-0.0129f,1.4048f,-0.2452f,0.0065f,-0.9694f,0.0182f,0f,0f,0f,1f],start_interpolation: 0,interpolation_duration: 1}
$data merge entity $(bone_arm_left) {transformation: [-0.9698f,-0.0753f,-0.232f,0.3125f,-0.0842f,0.996f,0.0284f,1.4048f,0.2289f,0.047f,-0.9723f,0.0182f,0f,0f,0f,1f],start_interpolation: 0,interpolation_duration: 1}
$data merge entity $(bone_body) {transformation: [-1f,0f,0f,0f,0f,0.999f,0.0445f,0.718f,0f,0.0445f,-0.999f,-0.0124f,0f,0f,0f,1f],start_interpolation: 0,interpolation_duration: 1}
$data merge entity $(bone_leg_left) {transformation: [-1f,0f,0f,0.125f,0f,1f,0.0058f,0.6834f,0f,0.0058f,-1f,0.0021f,0f,0f,0f,1f],start_interpolation: 0,interpolation_duration: 1}
$data merge entity $(bone_leg_right) {transformation: [-1f,0f,0f,-0.125f,0f,1f,0.0058f,0.6834f,0f,0.0058f,-1f,0.0021f,0f,0f,0f,1f],start_interpolation: 0,interpolation_duration: 1}