# This file was generated by Animated Java via MC-Build. It is not recommended to edit this file directly.
$data merge entity $(bone_head) {transformation: [-1f,0f,0f,0f,0f,0.9994f,-0.0342f,0.3001f,0f,-0.0342f,-0.9994f,-0.0114f,0f,0f,0f,1f],start_interpolation: 0,interpolation_duration: 1}
$data merge entity $(bone_leftwing) {transformation: [-0.9999f,-0.0143f,0.0019f,0.175f,-0.0142f,0.9989f,0.0452f,0.1803f,-0.0026f,0.0452f,-0.999f,-0.126f,0f,0f,0f,1f],start_interpolation: 0,interpolation_duration: 1}
$data merge entity $(bone_rightwing) {transformation: [-0.9999f,0.0143f,-0.0019f,-0.175f,0.0142f,0.9989f,0.0452f,0.1814f,0.0026f,0.0452f,-0.999f,-0.001f,0f,0f,0f,1f],start_interpolation: 0,interpolation_duration: 1}
$data merge entity $(bone_tail) {transformation: [-1f,0f,0f,0.0023f,0f,0.9998f,0.0214f,0.2261f,0f,0.0214f,-0.9998f,-0.4311f,0f,0f,0f,1f],start_interpolation: 0,interpolation_duration: 1}
$data merge entity $(bone_body) {transformation: [-1f,0f,0f,0.0006f,0f,1f,-0.0086f,0.0658f,0f,-0.0086f,-1f,-0.1828f,0f,0f,0f,1f],start_interpolation: 0,interpolation_duration: 1}