# This file was generated by Animated Java via MC-Build. It is not recommended to edit this file directly.
$data merge entity $(bone_hair) {transformation: [-1f,0.0079f,0f,-0.0056f,0.0079f,1f,0f,1.3316f,0f,0f,-1f,0f,0f,0f,0f,1f],start_interpolation: 0,interpolation_duration: 1}
$data merge entity $(bone_head) {transformation: [-1f,0.0079f,0f,-0.0071f,0.0079f,1f,0f,1.1441f,0f,0f,-1f,0f,0f,0f,0f,1f],start_interpolation: 0,interpolation_duration: 1}
$data merge entity $(bone_arm_right) {transformation: [-0.9999f,0.0023f,0.0103f,-0.3205f,0.0041f,0.9834f,0.1815f,1.0865f,-0.0097f,0.1815f,-0.9833f,-0.0491f,0f,0f,0f,1f],start_interpolation: 0,interpolation_duration: 1}
$data merge entity $(bone_arm_left) {transformation: [-0.9996f,0.0286f,0.0046f,0.3044f,0.0273f,0.983f,-0.1817f,1.0767f,-0.0097f,-0.1815f,-0.9833f,0.0325f,0f,0f,0f,1f],start_interpolation: 0,interpolation_duration: 1}
$data merge entity $(bone_body) {transformation: [-0.9999f,0.0157f,0f,-0.0169f,0.0157f,0.9999f,0f,0.5192f,0f,0f,-1f,0f,0f,0f,0f,1f],start_interpolation: 0,interpolation_duration: 1}
$data merge entity $(bone_leg_left) {transformation: [-0.9998f,0.0172f,0.0096f,0.1081f,0.0197f,0.8806f,0.4735f,0.6572f,-0.0003f,0.4735f,-0.8808f,0.0262f,0f,0f,0f,1f],start_interpolation: 0,interpolation_duration: 1}
$data merge entity $(bone_leg_right) {transformation: [-0.9982f,-0.0593f,0.0002f,-0.1419f,-0.0588f,0.9891f,-0.1346f,0.6588f,0.0078f,-0.1344f,-0.9909f,0.0582f,0f,0f,0f,1f],start_interpolation: 0,interpolation_duration: 1}