# This file was generated by Animated Java via MC-Build. It is not recommended to edit this file directly.
$data merge entity $(bone_hair) {transformation: [-1f,0.0044f,0f,0.0006f,0.0044f,1f,0f,1.3576f,0f,0f,-1f,0f,0f,0f,0f,1f],start_interpolation: 0,interpolation_duration: 1}
$data merge entity $(bone_head) {transformation: [-1f,0.0044f,0f,-0.0002f,0.0044f,1f,0f,1.1701f,0f,0f,-1f,0f,0f,0f,0f,1f],start_interpolation: 0,interpolation_duration: 1}
$data merge entity $(bone_arm_right) {transformation: [-0.9996f,-0.0273f,-0.0085f,-0.3132f,-0.0234f,0.9515f,-0.3069f,1.1103f,0.0165f,-0.3066f,-0.9517f,-0.0002f,0f,0f,0f,1f],start_interpolation: 0,interpolation_duration: 1}
$data merge entity $(bone_arm_left) {transformation: [-0.999f,0.0439f,-0.0031f,0.3118f,0.0408f,0.9508f,0.307f,1.1049f,0.0165f,0.3066f,-0.9517f,-0.0558f,0f,0f,0f,1f],start_interpolation: 0,interpolation_duration: 1}
$data merge entity $(bone_body) {transformation: [-1f,0.0087f,0f,-0.0056f,0.0087f,1f,0f,0.5451f,0f,0f,-1f,0f,0f,0f,0f,1f],start_interpolation: 0,interpolation_duration: 1}
$data merge entity $(bone_leg_left) {transformation: [-0.999f,0.0444f,0.0001f,0.1194f,0.0426f,0.9598f,-0.2774f,0.6931f,-0.0124f,-0.2771f,-0.9608f,0.0951f,0f,0f,0f,1f],start_interpolation: 0,interpolation_duration: 1}
$data merge entity $(bone_leg_right) {transformation: [-0.9988f,-0.0483f,-0.0005f,-0.1306f,-0.0464f,0.9569f,0.2866f,0.6702f,-0.0133f,0.2863f,-0.9581f,-0.0592f,0f,0f,0f,1f],start_interpolation: 0,interpolation_duration: 1}