# This file was generated by Animated Java via MC-Build. It is not recommended to edit this file directly.
$data merge entity $(bone_hair) {transformation: [-0.9999f,-0.0131f,0f,0.0037f,-0.0131f,0.9999f,0f,1.3768f,0f,0f,-1f,0f,0f,0f,0f,1f],start_interpolation: 0,interpolation_duration: 1}
$data merge entity $(bone_head) {transformation: [-0.9999f,-0.0131f,0f,0.0061f,-0.0131f,0.9999f,0f,1.1893f,0f,0f,-1f,0f,0f,0f,0f,1f],start_interpolation: 0,interpolation_duration: 1}
$data merge entity $(bone_arm_right) {transformation: [-0.9997f,-0.0226f,0.0029f,-0.3046f,-0.0222f,0.9952f,0.095f,1.1187f,-0.005f,0.0949f,-0.9955f,-0.0271f,0f,0f,0f,1f],start_interpolation: 0,interpolation_duration: 1}
$data merge entity $(bone_arm_left) {transformation: [-0.9995f,-0.0296f,0.0078f,0.3202f,-0.0302f,0.995f,-0.0947f,1.135f,-0.005f,-0.0949f,-0.9955f,0.0169f,0f,0f,0f,1f],start_interpolation: 0,interpolation_duration: 1}
$data merge entity $(bone_body) {transformation: [-0.9997f,-0.0262f,0f,0.0225f,-0.0262f,0.9997f,0f,0.5645f,0f,0f,-1f,0f,0f,0f,0f,1f],start_interpolation: 0,interpolation_duration: 1}
$data merge entity $(bone_leg_left) {transformation: [-0.9976f,0.0688f,0.0019f,0.1475f,0.0687f,0.9938f,0.0872f,0.687f,0.0041f,0.0871f,-0.9962f,-0.0214f,0f,0f,0f,1f],start_interpolation: 0,interpolation_duration: 1}
$data merge entity $(bone_leg_right) {transformation: [-0.9998f,0.0014f,-0.0185f,-0.1025f,-0.0018f,0.9857f,0.1683f,0.7792f,0.0185f,0.1683f,-0.9856f,0.1677f,0f,0f,0f,1f],start_interpolation: 0,interpolation_duration: 1}