# This file was generated by Animated Java via MC-Build. It is not recommended to edit this file directly.
$data merge entity $(bone_ear_left) {transformation: [-0.9952f,0.0976f,-0.0004f,0.1288f,0.0959f,0.9782f,0.1843f,0.8264f,0.0184f,0.1834f,-0.9829f,0.4199f,0f,0f,0f,1f],start_interpolation: 0,interpolation_duration: 1}
$data merge entity $(bone_ear_right) {transformation: [-0.9921f,-0.1253f,-0.0004f,-0.1339f,-0.1232f,0.9751f,0.1843f,0.8228f,-0.0227f,0.1829f,-0.9829f,0.4193f,0f,0f,0f,1f],start_interpolation: 0,interpolation_duration: 1}
$data merge entity $(bone_head) {transformation: [-0.9999f,-0.0139f,-0.0004f,0f,-0.0138f,0.9828f,0.1843f,0.6435f,-0.0022f,0.1843f,-0.9829f,0.3802f,0f,0f,0f,1f],start_interpolation: 0,interpolation_duration: 1}
$data merge entity $(bone_bone) {transformation: [-1f,-0.0001f,0.0001f,0f,-0.0001f,0.9991f,-0.0415f,0.2319f,-0.0001f,-0.0415f,-0.9991f,-0.1196f,0f,0f,0f,1f],start_interpolation: 0,interpolation_duration: 1}
$data merge entity $(bone_tail) {transformation: [-1f,0f,0f,0f,0f,0.9999f,0.0146f,0.6228f,0f,0.0146f,-0.9999f,-0.3522f,0f,0f,0f,1f],start_interpolation: 0,interpolation_duration: 1}
$data merge entity $(bone_body) {transformation: [-1f,0f,0f,0f,0f,0.9999f,0.0146f,0.4268f,0f,0.0146f,-0.9999f,0.0081f,0f,0f,0f,1f],start_interpolation: 0,interpolation_duration: 1}
$data merge entity $(bone_leg_left) {transformation: [-1f,0f,0f,0.1875f,0f,1f,0f,0.2487f,0f,0f,-1f,0.3125f,0f,0f,0f,1f],start_interpolation: 0,interpolation_duration: 1}
$data merge entity $(bone_leg_right) {transformation: [-1f,0f,0f,-0.1875f,0f,1f,0f,0.2487f,0f,0f,-1f,0.3125f,0f,0f,0f,1f],start_interpolation: 0,interpolation_duration: 1}
$data merge entity $(bone_leg2_left) {transformation: [-1f,0f,0f,0.1875f,0f,1f,0f,0.2487f,0f,0f,-1f,-0.3125f,0f,0f,0f,1f],start_interpolation: 0,interpolation_duration: 1}
$data merge entity $(bone_leg2_right) {transformation: [-1f,0f,0f,-0.1875f,0f,1f,0f,0.2487f,0f,0f,-1f,-0.3125f,0f,0f,0f,1f],start_interpolation: 0,interpolation_duration: 1}