# This file was generated by Animated Java via MC-Build. It is not recommended to edit this file directly.
$data merge entity $(bone_hair) {transformation: [-0.9996f,0f,-0.0282f,-0.0169f,0f,1f,0f,1.4582f,0.0282f,0f,-0.9996f,0f,0f,0f,0f,1f],start_interpolation: 0,interpolation_duration: 1}
$data merge entity $(bone_head) {transformation: [-0.9996f,0f,-0.0282f,-0.0169f,0f,1f,0f,1.3317f,0.0282f,0f,-0.9996f,0f,0f,0f,0f,1f],start_interpolation: 0,interpolation_duration: 1}
$data merge entity $(bone_arm_right) {transformation: [-0.9699f,0.0555f,0.2369f,-0.327f,0.0963f,0.9817f,0.1645f,1.2692f,-0.2234f,0.1824f,-0.9575f,-0.0502f,0f,0f,0f,1f],start_interpolation: 0,interpolation_duration: 1}
$data merge entity $(bone_arm_left) {transformation: [-0.99f,-0.1145f,-0.0826f,0.2933f,-0.0965f,0.9759f,-0.1959f,1.2692f,0.103f,-0.186f,-0.9771f,0.0502f,0f,0f,0f,1f],start_interpolation: 0,interpolation_duration: 1}
$data merge entity $(bone_body) {transformation: [-0.9984f,0f,0.0566f,-0.0169f,0f,1f,0f,0.5817f,-0.0566f,0f,-0.9984f,0f,0f,0f,0f,1f],start_interpolation: 0,interpolation_duration: 1}
$data merge entity $(bone_leg_left) {transformation: [-0.9997f,-0.0158f,0.0165f,0.1081f,-0.0061f,0.8808f,0.4734f,0.6572f,-0.022f,0.4732f,-0.8807f,0.0262f,0f,0f,0f,1f],start_interpolation: 0,interpolation_duration: 1}
$data merge entity $(bone_leg_right) {transformation: [-0.9997f,-0.0232f,0f,-0.1419f,-0.023f,0.9906f,-0.1346f,0.6588f,0.0031f,-0.1346f,-0.9909f,0.0582f,0f,0f,0f,1f],start_interpolation: 0,interpolation_duration: 1}