# This file was generated by Animated Java via MC-Build. It is not recommended to edit this file directly.
$data merge entity $(bone_hair) {transformation: [-0.9999f,0.0105f,0f,-0.0068f,0.0105f,0.9999f,0f,1.475f,0f,0f,-1f,0f,0f,0f,0f,1f],start_interpolation: 0,interpolation_duration: 1}
$data merge entity $(bone_head) {transformation: [-0.9999f,0.0105f,0f,-0.0068f,0.0105f,0.9999f,0f,1.475f,0f,0f,-1f,0f,0f,0f,0f,1f],start_interpolation: 0,interpolation_duration: 1}
$data merge entity $(bone_arm_right) {transformation: [-0.9954f,0.0952f,0.0129f,-0.3205f,0.096f,0.9917f,0.0858f,1.4191f,-0.0046f,0.0867f,-0.9962f,-0.0155f,0f,0f,0f,1f],start_interpolation: 0,interpolation_duration: 1}
$data merge entity $(bone_arm_left) {transformation: [-0.9971f,-0.0753f,0.0112f,0.3043f,-0.076f,0.9934f,-0.0861f,1.406f,-0.0046f,-0.0867f,-0.9962f,0.0155f,0f,0f,0f,1f],start_interpolation: 0,interpolation_duration: 1}
$data merge entity $(bone_body) {transformation: [-0.9998f,0.0209f,0f,-0.0225f,0.0209f,0.9998f,0f,0.7252f,0f,0f,-1f,0f,0f,0f,0f,1f],start_interpolation: 0,interpolation_duration: 1}
$data merge entity $(bone_leg_left) {transformation: [-0.9991f,0.0389f,0.0141f,0.1025f,0.0412f,0.9056f,0.4221f,0.7122f,0.0037f,0.4223f,-0.9064f,0.0849f,0f,0f,0f,1f],start_interpolation: 0,interpolation_duration: 1}
$data merge entity $(bone_leg_right) {transformation: [-0.9978f,-0.0669f,0.0007f,-0.1475f,-0.0668f,0.9956f,-0.066f,0.6691f,0.0037f,-0.0659f,-0.9978f,0.0267f,0f,0f,0f,1f],start_interpolation: 0,interpolation_duration: 1}