# This file was generated by Animated Java via MC-Build. It is not recommended to edit this file directly.
$data merge entity $(bone_hair) {transformation: [-0.9999f,0.0131f,0f,-0.0029f,0.0131f,0.9999f,0f,1.5018f,0f,0f,-1f,0f,0f,0f,0f,1f],start_interpolation: 0,interpolation_duration: 1}
$data merge entity $(bone_head) {transformation: [-0.9999f,0.0131f,0f,-0.0029f,0.0131f,0.9999f,0f,1.5018f,0f,0f,-1f,0f,0f,0f,0f,1f],start_interpolation: 0,interpolation_duration: 1}
$data merge entity $(bone_arm_right) {transformation: [-0.9945f,0.1032f,-0.0148f,-0.3169f,0.1042f,0.9901f,-0.0939f,1.4475f,0.005f,-0.0949f,-0.9955f,0.0169f,0f,0f,0f,1f],start_interpolation: 0,interpolation_duration: 1}
$data merge entity $(bone_arm_left) {transformation: [-0.9973f,-0.0729f,-0.012f,0.3079f,-0.0737f,0.9928f,0.0943f,1.4311f,0.005f,0.0949f,-0.9955f,-0.0169f,0f,0f,0f,1f],start_interpolation: 0,interpolation_duration: 1}
$data merge entity $(bone_body) {transformation: [-0.9997f,0.0262f,0f,-0.0225f,0.0262f,0.9997f,0f,0.752f,0f,0f,-1f,0f,0f,0f,0f,1f],start_interpolation: 0,interpolation_duration: 1}
$data merge entity $(bone_leg_left) {transformation: [-0.9992f,0.0396f,0.0109f,0.1025f,0.0409f,0.9849f,0.1685f,0.7792f,-0.0041f,0.1688f,-0.9856f,0.1677f,0f,0f,0f,1f],start_interpolation: 0,interpolation_duration: 1}
$data merge entity $(bone_leg_right) {transformation: [-0.9976f,-0.0688f,-0.0019f,-0.1475f,-0.0687f,0.9938f,0.0872f,0.687f,-0.0041f,0.0871f,-0.9962f,-0.0214f,0f,0f,0f,1f],start_interpolation: 0,interpolation_duration: 1}