# This file was generated by Animated Java via MC-Build. It is not recommended to edit this file directly.
$data merge entity $(bone_hair) {transformation: [-1f,-0.0044f,0f,-0.0009f,-0.0044f,1f,0f,1.4826f,0f,0f,-1f,0f,0f,0f,0f,1f],start_interpolation: 0,interpolation_duration: 1}
$data merge entity $(bone_head) {transformation: [-1f,-0.0044f,0f,-0.0009f,-0.0044f,1f,0f,1.4826f,0f,0f,-1f,0f,0f,0f,0f,1f],start_interpolation: 0,interpolation_duration: 1}
$data merge entity $(bone_arm_right) {transformation: [-0.9993f,0.0267f,0.0259f,-0.3129f,0.0333f,0.9515f,0.3059f,1.4174f,-0.0165f,0.3066f,-0.9517f,-0.0558f,0f,0f,0f,1f],start_interpolation: 0,interpolation_duration: 1}
$data merge entity $(bone_arm_left) {transformation: [-0.9972f,-0.064f,0.0379f,0.3121f,-0.0725f,0.9497f,-0.3047f,1.4228f,-0.0165f,-0.3066f,-0.9517f,0.0558f,0f,0f,0f,1f],start_interpolation: 0,interpolation_duration: 1}
$data merge entity $(bone_body) {transformation: [-1f,-0.0087f,0f,0.0056f,-0.0087f,1f,0f,0.7326f,0f,0f,-1f,0f,0f,0f,0f,1f],start_interpolation: 0,interpolation_duration: 1}
$data merge entity $(bone_leg_left) {transformation: [-0.9988f,0.0483f,0.0005f,0.1306f,0.0464f,0.9569f,0.2866f,0.6702f,0.0133f,0.2863f,-0.9581f,-0.0592f,0f,0f,0f,1f],start_interpolation: 0,interpolation_duration: 1}
$data merge entity $(bone_leg_right) {transformation: [-0.9991f,-0.0423f,-0.0017f,-0.1194f,-0.0402f,0.9599f,-0.2774f,0.6931f,0.0133f,-0.2771f,-0.9607f,0.0951f,0f,0f,0f,1f],start_interpolation: 0,interpolation_duration: 1}