# This file was generated by Animated Java via MC-Build. It is not recommended to edit this file directly.
$data merge entity $(bone_ear_left) {transformation: [-1f,0f,0f,0.0622f,0f,0.995f,-0.1002f,0.3131f,0f,-0.1002f,-0.995f,0.1563f,0f,0f,0f,1f],start_interpolation: 0,interpolation_duration: 1}
$data merge entity $(bone_ear_right) {transformation: [-1f,0f,0f,-0.0622f,0f,0.891f,-0.454f,0.3131f,0f,-0.454f,-0.891f,0.1563f,0f,0f,0f,1f],start_interpolation: 0,interpolation_duration: 1}
$data merge entity $(bone_head) {transformation: [-1f,0f,0f,0f,0f,0.9576f,0.2882f,0.2274f,0f,0.2882f,-0.9576f,0.0913f,0f,0f,0f,1f],start_interpolation: 0,interpolation_duration: 1}
$data merge entity $(bone_body) {transformation: [-1f,0f,0f,0f,0f,0.9914f,0.1305f,0.1364f,0f,0.1305f,-0.9914f,-0.13f,0f,0f,0f,1f],start_interpolation: 0,interpolation_duration: 1}
$data merge entity $(bone_leg1_right) {transformation: [-1f,0f,0f,-0.0937f,0f,0.9563f,0.2924f,0.0973f,0f,0.2924f,-0.9563f,0.0522f,0f,0f,0f,1f],start_interpolation: 0,interpolation_duration: 1}
$data merge entity $(bone_leg1_left) {transformation: [-0.9998f,0.0185f,-0.0117f,0.0937f,0.0174f,0.9955f,0.0927f,0.0598f,0.0134f,0.0925f,-0.9956f,0.0688f,0f,0f,0f,1f],start_interpolation: 0,interpolation_duration: 1}
$data merge entity $(bone_leg2_left) {transformation: [-1f,0f,0f,0.125f,0f,0.5f,0.866f,0.1188f,0f,0.866f,-0.5f,-0.1373f,0f,0f,0f,1f],start_interpolation: 0,interpolation_duration: 1}
$data merge entity $(bone_leg2_right) {transformation: [-1f,0f,0f,-0.125f,0f,0f,1f,0.1188f,0f,1f,0f,-0.1373f,0f,0f,0f,1f],start_interpolation: 0,interpolation_duration: 1}