# This file was generated by Animated Java via MC-Build. It is not recommended to edit this file directly.
$data merge entity $(bone_ear_left) {transformation: [-0.9546f,0.0423f,-0.2949f,0.0622f,0.179f,0.8727f,-0.4542f,0.3383f,0.2382f,-0.4863f,-0.8407f,0.1643f,0f,0f,0f,1f],start_interpolation: 0,interpolation_duration: 1}
$data merge entity $(bone_ear_right) {transformation: [-0.9546f,-0.0795f,0.2872f,-0.0622f,-0.179f,0.9234f,-0.3395f,0.3383f,-0.2382f,-0.3755f,-0.8957f,0.1643f,0f,0f,0f,1f],start_interpolation: 0,interpolation_duration: 1}
$data merge entity $(bone_head) {transformation: [-1f,0f,0f,0f,0f,0.9523f,0.3053f,0.2538f,0f,0.3053f,-0.9523f,0.0979f,0f,0f,0f,1f],start_interpolation: 0,interpolation_duration: 1}
$data merge entity $(bone_body) {transformation: [-1f,0f,0f,0f,0f,0.9843f,0.1765f,0.1732f,0f,0.1765f,-0.9843f,-0.1275f,0f,0f,0f,1f],start_interpolation: 0,interpolation_duration: 1}
$data merge entity $(bone_leg1_right) {transformation: [-1f,0.0029f,-0.0016f,-0.0937f,0.0023f,0.9485f,0.3168f,0.1567f,0.0024f,0.3168f,-0.9485f,0.0963f,0f,0f,0f,1f],start_interpolation: 0,interpolation_duration: 1}
$data merge entity $(bone_leg1_left) {transformation: [-1f,0.0067f,-0.0028f,0.0937f,0.0057f,0.9609f,0.2769f,0.1222f,0.0046f,0.2769f,-0.9609f,0.0865f,0f,0f,0f,1f],start_interpolation: 0,interpolation_duration: 1}
$data merge entity $(bone_leg2_left) {transformation: [-0.9961f,-0.0632f,-0.0614f,0.125f,-0.0242f,-0.4742f,0.8801f,0.1382f,-0.0848f,0.8781f,0.4709f,-0.1566f,0f,0f,0f,1f],start_interpolation: 0,interpolation_duration: 1}
$data merge entity $(bone_leg2_right) {transformation: [-1f,-0.0004f,-0.0032f,-0.125f,-0.0028f,-0.4381f,0.8989f,0.1424f,-0.0018f,0.8989f,0.4381f,-0.1571f,0f,0f,0f,1f],start_interpolation: 0,interpolation_duration: 1}