# This file was generated by Animated Java via MC-Build. It is not recommended to edit this file directly.
$data merge entity $(bone_ear_left) {transformation: [-0.9917f,0.0478f,-0.1197f,0.0622f,0.0789f,0.9596f,-0.2699f,0.3227f,0.102f,-0.2771f,-0.9554f,0.1603f,0f,0f,0f,1f],start_interpolation: 0,interpolation_duration: 1}
$data merge entity $(bone_ear_right) {transformation: [-0.9917f,-0.0255f,0.1264f,-0.0622f,-0.0789f,0.8954f,-0.4381f,0.3227f,-0.102f,-0.4444f,-0.89f,0.1603f,0f,0f,0f,1f],start_interpolation: 0,interpolation_duration: 1}
$data merge entity $(bone_head) {transformation: [-1f,0f,0f,0f,0f,0.9534f,0.3017f,0.2379f,0f,0.3017f,-0.9534f,0.0942f,0f,0f,0f,1f],start_interpolation: 0,interpolation_duration: 1}
$data merge entity $(bone_body) {transformation: [-1f,0f,0f,0f,0f,0.9889f,0.1488f,0.151f,0f,0.1488f,-0.9889f,-0.1288f,0f,0f,0f,1f],start_interpolation: 0,interpolation_duration: 1}
$data merge entity $(bone_leg1_right) {transformation: [-1f,0.0058f,-0.0032f,-0.0937f,0.0046f,0.9536f,0.3011f,0.1233f,0.0048f,0.3011f,-0.9536f,0.0711f,0f,0f,0f,1f],start_interpolation: 0,interpolation_duration: 1}
$data merge entity $(bone_leg1_left) {transformation: [-0.9999f,0.014f,-0.0097f,0.0937f,0.0134f,0.998f,0.061f,0.0819f,0.0105f,0.0608f,-0.9981f,0.0759f,0f,0f,0f,1f],start_interpolation: 0,interpolation_duration: 1}
$data merge entity $(bone_leg2_left) {transformation: [-0.9993f,-0.0363f,-0.0106f,0.125f,-0.0108f,0.0047f,0.9999f,0.127f,-0.0363f,0.9993f,-0.0051f,-0.1468f,0f,0f,0f,1f],start_interpolation: 0,interpolation_duration: 1}
$data merge entity $(bone_leg2_right) {transformation: [-1f,-0.0004f,-0.0013f,-0.125f,-0.0012f,-0.2785f,0.9604f,0.1279f,-0.0007f,0.9604f,0.2785f,-0.1455f,0f,0f,0f,1f],start_interpolation: 0,interpolation_duration: 1}