# This file was generated by Animated Java via MC-Build. It is not recommended to edit this file directly.
$data merge entity $(bone_ear_left) {transformation: [-0.9997f,-0.0134f,0.0221f,0.0622f,-0.0145f,0.9987f,-0.0496f,0.3216f,-0.0214f,-0.0499f,-0.9985f,0.1533f,0f,0f,0f,1f],start_interpolation: 0,interpolation_duration: 1}
$data merge entity $(bone_ear_right) {transformation: [-0.9997f,0.0103f,-0.0237f,-0.0622f,0.0145f,0.9828f,-0.1842f,0.3216f,0.0214f,-0.1844f,-0.9826f,0.1533f,0f,0f,0f,1f],start_interpolation: 0,interpolation_duration: 1}
$data merge entity $(bone_head) {transformation: [-1f,0f,0f,0f,0f,0.9799f,0.1997f,0.2303f,0f,0.1997f,-0.9799f,0.0964f,0f,0f,0f,1f],start_interpolation: 0,interpolation_duration: 1}
$data merge entity $(bone_body) {transformation: [-1f,0f,0f,0f,0f,0.9855f,0.1695f,0.1481f,0f,0.1695f,-0.9855f,-0.1284f,0f,0f,0f,1f],start_interpolation: 0,interpolation_duration: 1}
$data merge entity $(bone_leg1_right) {transformation: [-0.9987f,-0.0478f,-0.0163f,-0.0937f,-0.0345f,0.409f,0.9119f,0.0913f,-0.0369f,0.9113f,-0.4101f,0.0457f,0f,0f,0f,1f],start_interpolation: 0,interpolation_duration: 1}
$data merge entity $(bone_leg1_left) {transformation: [-1f,0.006f,0.0042f,0.0937f,0.0057f,0.2803f,0.9599f,0.106f,0.0045f,0.9599f,-0.2803f,0.064f,0f,0f,0f,1f],start_interpolation: 0,interpolation_duration: 1}
$data merge entity $(bone_leg2_left) {transformation: [-1f,0.0006f,-0.0042f,0.125f,0.0012f,0.9891f,-0.1474f,0.1199f,0.004f,-0.1474f,-0.9891f,-0.1121f,0f,0f,0f,1f],start_interpolation: 0,interpolation_duration: 1}
$data merge entity $(bone_leg2_right) {transformation: [-1f,0.0005f,-0.0001f,-0.125f,0.0004f,0.9239f,0.3826f,0.1342f,0.0003f,0.3826f,-0.9239f,-0.1324f,0f,0f,0f,1f],start_interpolation: 0,interpolation_duration: 1}