# This file was generated by Animated Java via MC-Build. It is not recommended to edit this file directly.
$data merge entity $(bone_ear_left) {transformation: [-1f,0f,0f,0.0622f,0f,0.9969f,-0.0785f,0.3299f,0f,-0.0785f,-0.9969f,0.1496f,0f,0f,0f,1f],start_interpolation: 0,interpolation_duration: 1}
$data merge entity $(bone_ear_right) {transformation: [-1f,0f,0f,-0.0622f,0f,0.9969f,-0.0785f,0.3299f,0f,-0.0785f,-0.9969f,0.1496f,0f,0f,0f,1f],start_interpolation: 0,interpolation_duration: 1}
$data merge entity $(bone_head) {transformation: [-1f,0f,0f,0f,0f,0.984f,0.1779f,0.2374f,0f,0.1779f,-0.984f,0.0947f,0f,0f,0f,1f],start_interpolation: 0,interpolation_duration: 1}
$data merge entity $(bone_body) {transformation: [-1f,0f,0f,0f,0f,0.9856f,0.1693f,0.1552f,0f,0.1693f,-0.9856f,-0.13f,0f,0f,0f,1f],start_interpolation: 0,interpolation_duration: 1}
$data merge entity $(bone_leg1_right) {transformation: [-1f,0f,0f,-0.0937f,0f,-0.5262f,0.8504f,0.1158f,0f,0.8504f,0.5262f,0.0521f,0f,0f,0f,1f],start_interpolation: 0,interpolation_duration: 1}
$data merge entity $(bone_leg1_left) {transformation: [-1f,0f,0f,0.0937f,0f,-0.2672f,0.9636f,0.133f,0f,0.9636f,0.2672f,0.0686f,0f,0f,0f,1f],start_interpolation: 0,interpolation_duration: 1}
$data merge entity $(bone_leg2_left) {transformation: [-1f,0f,0f,0.125f,0f,0.9188f,-0.3947f,0.1204f,0f,-0.3947f,-0.9188f,-0.1107f,0f,0f,0f,1f],start_interpolation: 0,interpolation_duration: 1}
$data merge entity $(bone_leg2_right) {transformation: [-1f,0f,0f,-0.125f,0f,0.9976f,0.0698f,0.1376f,0f,0.0698f,-0.9976f,-0.1373f,0f,0f,0f,1f],start_interpolation: 0,interpolation_duration: 1}