# This file was generated by Animated Java via MC-Build. It is not recommended to edit this file directly.
$data merge entity $(bone_ear_left) {transformation: [-0.9993f,0.0044f,-0.037f,0.0622f,0.0088f,0.9929f,-0.119f,0.3393f,0.0363f,-0.1193f,-0.9922f,0.1402f,0f,0f,0f,1f],start_interpolation: 0,interpolation_duration: 1}
$data merge entity $(bone_ear_right) {transformation: [-0.9993f,-0.005f,0.037f,-0.0622f,-0.0088f,0.9946f,-0.1036f,0.3393f,-0.0363f,-0.1039f,-0.9939f,0.1402f,0f,0f,0f,1f],start_interpolation: 0,interpolation_duration: 1}
$data merge entity $(bone_head) {transformation: [-1f,0f,0f,0f,0f,0.9773f,0.2119f,0.2487f,0f,0.2119f,-0.9773f,0.0822f,0f,0f,0f,1f],start_interpolation: 0,interpolation_duration: 1}
$data merge entity $(bone_body) {transformation: [-1f,0f,0f,0f,0f,0.9938f,0.1114f,0.1535f,0f,0.1114f,-0.9938f,-0.1374f,0f,0f,0f,1f],start_interpolation: 0,interpolation_duration: 1}
$data merge entity $(bone_leg1_right) {transformation: [-1f,0.0001f,0.0067f,-0.0937f,0.0049f,-0.665f,0.7468f,0.1237f,0.0045f,0.7468f,0.665f,0.0652f,0f,0f,0f,1f],start_interpolation: 0,interpolation_duration: 1}
$data merge entity $(bone_leg1_left) {transformation: [-1f,-0.0001f,-0.0016f,0.0937f,-0.0013f,-0.5006f,0.8657f,0.1474f,-0.0009f,0.8657f,0.5006f,0.0825f,0f,0f,0f,1f],start_interpolation: 0,interpolation_duration: 1}
$data merge entity $(bone_leg2_left) {transformation: [-1f,0.0013f,-0.004f,0.125f,0.0015f,0.9989f,-0.0466f,0.1152f,0.0039f,-0.0466f,-0.9989f,-0.1302f,0f,0f,0f,1f],start_interpolation: 0,interpolation_duration: 1}
$data merge entity $(bone_leg2_right) {transformation: [-1f,-0.0014f,0.0002f,-0.125f,-0.0012f,0.9394f,0.3427f,0.1233f,-0.0006f,0.3427f,-0.9394f,-0.1519f,0f,0f,0f,1f],start_interpolation: 0,interpolation_duration: 1}