# This file was generated by Animated Java via MC-Build. It is not recommended to edit this file directly.
$data merge entity $(bone_ear_left) {transformation: [-0.9884f,0f,-0.1521f,0.0622f,0.04f,0.9648f,-0.26f,0.3536f,0.1468f,-0.263f,-0.9536f,0.1231f,0f,0f,0f,1f],start_interpolation: 0,interpolation_duration: 1}
$data merge entity $(bone_ear_right) {transformation: [-0.9884f,0f,0.1521f,-0.0622f,-0.04f,0.9648f,-0.26f,0.3536f,-0.1468f,-0.263f,-0.9536f,0.1231f,0f,0f,0f,1f],start_interpolation: 0,interpolation_duration: 1}
$data merge entity $(bone_head) {transformation: [-1f,0f,0f,0f,0f,0.9483f,0.3173f,0.27f,0f,0.3173f,-0.9483f,0.0556f,0f,0f,0f,1f],start_interpolation: 0,interpolation_duration: 1}
$data merge entity $(bone_body) {transformation: [-1f,0f,0f,0f,0f,0.9999f,-0.0131f,0.1482f,0f,-0.0131f,-0.9999f,-0.1504f,0f,0f,0f,1f],start_interpolation: 0,interpolation_duration: 1}
$data merge entity $(bone_leg1_right) {transformation: [-1f,0f,0f,-0.0937f,0f,-0.4423f,0.8969f,0.1426f,0f,0.8969f,0.4423f,0.0968f,0f,0f,0f,1f],start_interpolation: 0,interpolation_duration: 1}
$data merge entity $(bone_leg1_left) {transformation: [-1f,0f,0f,0.0937f,0f,-0.4848f,0.8746f,0.169f,0f,0.8746f,0.4848f,0.1132f,0f,0f,0f,1f],start_interpolation: 0,interpolation_duration: 1}
$data merge entity $(bone_leg2_left) {transformation: [-1f,0f,0f,0.125f,0f,0.2714f,0.9625f,0.0986f,0f,0.9625f,-0.2714f,-0.1781f,0f,0f,0f,1f],start_interpolation: 0,interpolation_duration: 1}
$data merge entity $(bone_leg2_right) {transformation: [-1f,-0.0021f,-0.0041f,-0.125f,-0.0043f,0.1048f,0.9945f,0.0873f,-0.0016f,0.9945f,-0.1048f,-0.1778f,0f,0f,0f,1f],start_interpolation: 0,interpolation_duration: 1}