# This file was generated by Animated Java via MC-Build. It is not recommended to edit this file directly.
$data merge entity $(bone_ear_left) {transformation: [-0.9692f,0.0093f,-0.2461f,0.0622f,0.1057f,0.9182f,-0.3818f,0.3565f,0.2224f,-0.396f,-0.8909f,0.1335f,0f,0f,0f,1f],start_interpolation: 0,interpolation_duration: 1}
$data merge entity $(bone_ear_right) {transformation: [-0.9692f,-0.039f,0.2431f,-0.0622f,-0.1057f,0.9577f,-0.2678f,0.3565f,-0.2224f,-0.2853f,-0.9323f,0.1335f,0f,0f,0f,1f],start_interpolation: 0,interpolation_duration: 1}
$data merge entity $(bone_head) {transformation: [-1f,0f,0f,0f,0f,0.9456f,0.3253f,0.2735f,0f,0.3253f,-0.9456f,0.0653f,0f,0f,0f,1f],start_interpolation: 0,interpolation_duration: 1}
$data merge entity $(bone_body) {transformation: [-1f,0f,0f,0f,0f,0.9995f,0.032f,0.161f,0f,0.032f,-0.9995f,-0.146f,0f,0f,0f,1f],start_interpolation: 0,interpolation_duration: 1}
$data merge entity $(bone_leg1_right) {transformation: [-1f,0f,0f,-0.0937f,0f,-0.0018f,1f,0.1589f,0f,1f,0.0018f,0.1052f,0f,0f,0f,1f],start_interpolation: 0,interpolation_duration: 1}
$data merge entity $(bone_leg1_left) {transformation: [-1f,-0.0003f,-0.0007f,0.0937f,-0.0007f,-0.1067f,0.9943f,0.1699f,-0.0004f,0.9943f,0.1067f,0.113f,0f,0f,0f,1f],start_interpolation: 0,interpolation_duration: 1}
$data merge entity $(bone_leg2_left) {transformation: [-0.9993f,-0.0304f,-0.0225f,0.125f,-0.0161f,-0.1967f,0.9803f,0.1103f,-0.0342f,0.98f,0.196f,-0.1806f,0f,0f,0f,1f],start_interpolation: 0,interpolation_duration: 1}
$data merge entity $(bone_leg2_right) {transformation: [-1f,-0.0011f,-0.005f,-0.125f,-0.0047f,-0.1955f,0.9807f,0.1022f,-0.002f,0.9807f,0.1954f,-0.1796f,0f,0f,0f,1f],start_interpolation: 0,interpolation_duration: 1}