# This file was generated by Animated Java via MC-Build. It is not recommended to edit this file directly.
$data merge entity $(bone_hair) {transformation: [-0.9998f,0f,-0.0212f,0f,0f,1f,0f,1.4381f,0.0212f,0f,-0.9998f,0f,0f,0f,0f,1f],start_interpolation: 0,interpolation_duration: 1}
$data merge entity $(bone_head) {transformation: [-0.9998f,0f,-0.0212f,0f,0f,1f,0f,0.6881f,0.0212f,0f,-0.9998f,0f,0f,0f,0f,1f],start_interpolation: 0,interpolation_duration: 1}
$data merge entity $(bone_arm_right) {transformation: [-0.9483f,0.0046f,0.3175f,-0.1793f,0.0854f,0.9667f,0.2411f,0.6569f,-0.3058f,0.2557f,-0.9171f,-0.0717f,0f,0f,0f,1f],start_interpolation: 0,interpolation_duration: 1}
$data merge entity $(bone_arm_left) {transformation: [-0.9962f,-0.0873f,0.0059f,0.1793f,-0.0857f,0.9595f,-0.2685f,0.6256f,0.0177f,-0.268f,-0.9633f,0.0717f,0f,0f,0f,1f],start_interpolation: 0,interpolation_duration: 1}
$data merge entity $(bone_body) {transformation: [-0.9905f,0f,0.1378f,0f,0f,1f,0f,0.2506f,-0.1378f,0f,-0.9905f,0f,0f,0f,0f,1f],start_interpolation: 0,interpolation_duration: 1}
$data merge entity $(bone_leg_left) {transformation: [-0.9991f,-0.0412f,0.0109f,0.0813f,-0.0305f,0.8699f,0.4923f,0.2384f,-0.0298f,0.4915f,-0.8704f,-0.0203f,0f,0f,0f,1f],start_interpolation: 0,interpolation_duration: 1}
$data merge entity $(bone_leg_right) {transformation: [-0.9998f,-0.018f,-0.0007f,-0.1062f,-0.0175f,0.9802f,-0.1974f,0.2694f,0.0042f,-0.1973f,-0.9803f,0.0791f,0f,0f,0f,1f],start_interpolation: 0,interpolation_duration: 1}