# This file was generated by Animated Java via MC-Build. It is not recommended to edit this file directly.
$data merge entity $(bone_hair) {transformation: [-0.9986f,0f,-0.0523f,0f,0f,1f,0f,1.4688f,0.0523f,0f,-0.9986f,0f,0f,0f,0f,1f],start_interpolation: 0,interpolation_duration: 1}
$data merge entity $(bone_head) {transformation: [-0.9986f,0f,-0.0523f,0f,0f,1f,0f,0.7188f,0.0523f,0f,-0.9986f,0f,0f,0f,0f,1f],start_interpolation: 0,interpolation_duration: 1}
$data merge entity $(bone_arm_right) {transformation: [-0.9939f,0.0345f,-0.1044f,-0.1686f,0.0692f,0.9342f,-0.3501f,0.6875f,0.0854f,-0.3552f,-0.9309f,0.1031f,0f,0f,0f,1f],start_interpolation: 0,interpolation_duration: 1}
$data merge entity $(bone_arm_left) {transformation: [-0.9129f,0.0735f,-0.4015f,0.1686f,-0.0687f,0.942f,0.3286f,0.6563f,0.4023f,0.3275f,-0.8549f,-0.1031f,0f,0f,0f,1f],start_interpolation: 0,interpolation_duration: 1}
$data merge entity $(bone_body) {transformation: [-0.9744f,0f,-0.225f,0f,0f,1f,0f,0.2813f,0.225f,0f,-0.9744f,0f,0f,0f,0f,1f],start_interpolation: 0,interpolation_duration: 1}
$data merge entity $(bone_leg_left) {transformation: [-0.9997f,-0.0142f,0.021f,0.0812f,-0.0205f,0.9397f,-0.3414f,0.2813f,-0.0149f,-0.3417f,-0.9397f,0.0625f,0f,0f,0f,1f],start_interpolation: 0,interpolation_duration: 1}
$data merge entity $(bone_leg_right) {transformation: [-1f,0f,0f,-0.1062f,0f,0.9397f,0.342f,0.2813f,0f,0.342f,-0.9397f,-0.0625f,0f,0f,0f,1f],start_interpolation: 0,interpolation_duration: 1}