# This file was generated by Animated Java via MC-Build. It is not recommended to edit this file directly.
$data merge entity $(bone_hair) {transformation: [-0.9991f,0f,-0.0426f,0f,0f,1f,0f,1.4567f,0.0426f,0f,-0.9991f,0f,0f,0f,0f,1f],start_interpolation: 0,interpolation_duration: 1}
$data merge entity $(bone_head) {transformation: [-0.9991f,0f,-0.0426f,0f,0f,1f,0f,0.7067f,0.0426f,0f,-0.9991f,0f,0f,0f,0f,1f],start_interpolation: 0,interpolation_duration: 1}
$data merge entity $(bone_arm_right) {transformation: [-0.9858f,0.1209f,0.1165f,-0.1871f,0.0967f,0.976f,-0.195f,0.6754f,-0.1372f,-0.1809f,-0.9739f,0.0348f,0f,0f,0f,1f],start_interpolation: 0,interpolation_duration: 1}
$data merge entity $(bone_arm_left) {transformation: [-0.9771f,-0.0618f,-0.2035f,0.1871f,-0.0962f,0.9818f,0.1635f,0.6442f,0.1897f,0.1794f,-0.9653f,-0.0348f,0f,0f,0f,1f],start_interpolation: 0,interpolation_duration: 1}
$data merge entity $(bone_body) {transformation: [-0.9999f,0f,-0.0119f,0f,0f,1f,0f,0.2692f,0.0119f,0f,-0.9999f,0f,0f,0f,0f,1f],start_interpolation: 0,interpolation_duration: 1}
$data merge entity $(bone_leg_left) {transformation: [-1f,0.0025f,0.0043f,0.0812f,0.0019f,0.9909f,-0.1346f,0.2838f,-0.0046f,-0.1345f,-0.9909f,0.0582f,0f,0f,0f,1f],start_interpolation: 0,interpolation_duration: 1}
$data merge entity $(bone_leg_right) {transformation: [-0.9998f,0.0143f,-0.0145f,-0.1062f,0.0057f,0.8808f,0.4735f,0.2823f,0.0196f,0.4733f,-0.8807f,0.029f,0f,0f,0f,1f],start_interpolation: 0,interpolation_duration: 1}