# This file was generated by Animated Java via MC-Build. It is not recommended to edit this file directly.
$data merge entity $(bone_hair) {transformation: [-0.9994f,0f,-0.0335f,0f,0f,1f,0f,1.4938f,0.0335f,0f,-0.9994f,0f,0f,0f,0f,1f],start_interpolation: 0,interpolation_duration: 1}
$data merge entity $(bone_head) {transformation: [-0.9994f,0f,-0.0335f,0f,0f,1f,0f,0.7438f,0.0335f,0f,-0.9994f,0f,0f,0f,0f,1f],start_interpolation: 0,interpolation_duration: 1}
$data merge entity $(bone_arm_right) {transformation: [-0.9485f,0.1165f,0.2947f,-0.1856f,0.1161f,0.9931f,-0.0187f,0.7125f,-0.2948f,0.0165f,-0.9554f,-0.0264f,0f,0f,0f,1f],start_interpolation: 0,interpolation_duration: 1}
$data merge entity $(bone_arm_left) {transformation: [-0.9928f,-0.1165f,-0.0271f,0.1856f,-0.1159f,0.9931f,-0.0198f,0.6813f,0.0292f,-0.0165f,-0.9994f,0.0264f,0f,0f,0f,1f],start_interpolation: 0,interpolation_duration: 1}
$data merge entity $(bone_body) {transformation: [-0.9901f,0f,0.1406f,0f,0f,1f,0f,0.3063f,-0.1406f,0f,-0.9901f,0f,0f,0f,0f,1f],start_interpolation: 0,interpolation_duration: 1}
$data merge entity $(bone_leg_left) {transformation: [-0.9998f,0.0192f,0f,0.0813f,0.0192f,0.9998f,0f,0.3063f,0f,0f,-1f,0f,0f,0f,0f,1f],start_interpolation: 0,interpolation_duration: 1}
$data merge entity $(bone_leg_right) {transformation: [-0.9992f,-0.0385f,-0.0142f,-0.1062f,-0.041f,0.9374f,0.3458f,0.3828f,0f,0.3461f,-0.9382f,0.1313f,0f,0f,0f,1f],start_interpolation: 0,interpolation_duration: 1}