# This file was generated by Animated Java via MC-Build. It is not recommended to edit this file directly.
$data merge entity $(bone_ear_left) {transformation: [-0.9888f,-0.1496f,0f,0.0789f,-0.1493f,0.9872f,0.056f,0.4691f,-0.0084f,0.0554f,-0.9984f,0.2362f,0f,0f,0f,1f],start_interpolation: 0,interpolation_duration: 1}
$data merge entity $(bone_ear_right) {transformation: [-0.9887f,0.1499f,0f,-0.0788f,0.1497f,0.9872f,0.056f,0.4691f,0.0084f,0.0554f,-0.9984f,0.2362f,0f,0f,0f,1f],start_interpolation: 0,interpolation_duration: 1}
$data merge entity $(bone_head) {transformation: [-1f,0.0002f,0f,0f,0.0002f,0.9984f,0.056f,0.3582f,0f,0.056f,-0.9984f,0.2268f,0f,0f,0f,1f],start_interpolation: 0,interpolation_duration: 1}
$data merge entity $(bone_tail) {transformation: [-1f,0f,0f,0f,0f,0.9999f,-0.0126f,0.3339f,0f,-0.0126f,-0.9999f,-0.2121f,0f,0f,0f,1f],start_interpolation: 0,interpolation_duration: 1}
$data merge entity $(bone_body) {transformation: [-1f,0f,0f,0f,0f,0.9999f,-0.0126f,0.2222f,0f,-0.0126f,-0.9999f,0.0072f,0f,0f,0f,1f],start_interpolation: 0,interpolation_duration: 1}
$data merge entity $(bone_leg_left) {transformation: [-1f,0f,0f,0.1125f,0f,1f,0f,0.1473f,0f,0f,-1f,0.1875f,0f,0f,0f,1f],start_interpolation: 0,interpolation_duration: 1}
$data merge entity $(bone_leg_right) {transformation: [-1f,0f,0f,-0.1125f,0f,1f,0f,0.1473f,0f,0f,-1f,0.1875f,0f,0f,0f,1f],start_interpolation: 0,interpolation_duration: 1}
$data merge entity $(bone_leg2_left) {transformation: [-1f,0f,0f,0.1125f,0f,1f,0f,0.1473f,0f,0f,-1f,-0.1125f,0f,0f,0f,1f],start_interpolation: 0,interpolation_duration: 1}
$data merge entity $(bone_leg2_right) {transformation: [-1f,0f,0f,-0.1125f,0f,1f,0f,0.1473f,0f,0f,-1f,-0.1125f,0f,0f,0f,1f],start_interpolation: 0,interpolation_duration: 1}