# This file was generated by Animated Java via MC-Build. It is not recommended to edit this file directly.
$data merge entity $(bone_ear_left) {transformation: [-0.9997f,-0.0242f,0f,0.079f,-0.024f,0.9922f,0.1223f,0.5135f,-0.0029f,0.1222f,-0.9925f,0.2387f,0f,0f,0f,1f],start_interpolation: 0,interpolation_duration: 1}
$data merge entity $(bone_ear_right) {transformation: [-0.9997f,0.0261f,0f,-0.0787f,0.0259f,0.9922f,0.1223f,0.5136f,0.0032f,0.1222f,-0.9925f,0.2387f,0f,0f,0f,1f],start_interpolation: 0,interpolation_duration: 1}
$data merge entity $(bone_head) {transformation: [-1f,0.0009f,0f,0f,0.0009f,0.9925f,0.1223f,0.4036f,0.0001f,0.1223f,-0.9925f,0.2219f,0f,0f,0f,1f],start_interpolation: 0,interpolation_duration: 1}
$data merge entity $(bone_tail) {transformation: [-1f,0f,0f,0f,0f,1f,-0.0025f,0.3837f,0f,-0.0025f,-1f,-0.2172f,0f,0f,0f,1f],start_interpolation: 0,interpolation_duration: 1}
$data merge entity $(bone_body) {transformation: [-1f,0f,0f,0f,0f,1f,-0.0025f,0.2698f,0f,-0.0025f,-1f,0.0009f,0f,0f,0f,1f],start_interpolation: 0,interpolation_duration: 1}
$data merge entity $(bone_leg_left) {transformation: [-1f,0f,0f,0.1125f,0f,1f,0f,0.1498f,0f,0f,-1f,0.1875f,0f,0f,0f,1f],start_interpolation: 0,interpolation_duration: 1}
$data merge entity $(bone_leg_right) {transformation: [-1f,0f,0f,-0.1125f,0f,1f,0f,0.1498f,0f,0f,-1f,0.1875f,0f,0f,0f,1f],start_interpolation: 0,interpolation_duration: 1}
$data merge entity $(bone_leg2_left) {transformation: [-1f,0f,0f,0.1125f,0f,1f,0f,0.1498f,0f,0f,-1f,-0.1125f,0f,0f,0f,1f],start_interpolation: 0,interpolation_duration: 1}
$data merge entity $(bone_leg2_right) {transformation: [-1f,0f,0f,-0.1125f,0f,1f,0f,0.1498f,0f,0f,-1f,-0.1125f,0f,0f,0f,1f],start_interpolation: 0,interpolation_duration: 1}