# This file was generated by Animated Java via MC-Build. It is not recommended to edit this file directly.
$data merge entity $(bone_ear_left) {transformation: [-0.9978f,0.0668f,-0.0002f,0.0779f,0.0658f,0.9834f,0.1688f,0.4706f,0.0114f,0.1684f,-0.9856f,0.2543f,0f,0f,0f,1f],start_interpolation: 0,interpolation_duration: 1}
$data merge entity $(bone_ear_right) {transformation: [-0.9965f,-0.0836f,-0.0002f,-0.0797f,-0.0824f,0.9822f,0.1688f,0.4692f,-0.014f,0.1682f,-0.9856f,0.2541f,0f,0f,0f,1f],start_interpolation: 0,interpolation_duration: 1}
$data merge entity $(bone_head) {transformation: [-1f,-0.0084f,-0.0002f,0f,-0.0083f,0.9856f,0.1688f,0.3609f,-0.0013f,0.1688f,-0.9856f,0.2322f,0f,0f,0f,1f],start_interpolation: 0,interpolation_duration: 1}
$data merge entity $(bone_tail) {transformation: [-1f,0f,0f,0f,0f,1f,0.0095f,0.3462f,0f,0.0095f,-1f,-0.2071f,0f,0f,0f,1f],start_interpolation: 0,interpolation_duration: 1}
$data merge entity $(bone_body) {transformation: [-1f,0f,0f,0f,0f,1f,0.0095f,0.2297f,0f,0.0095f,-1f,0.0097f,0f,0f,0f,1f],start_interpolation: 0,interpolation_duration: 1}
$data merge entity $(bone_leg_left) {transformation: [-1f,0f,0f,0.1125f,0f,1f,0f,0.1479f,0f,0f,-1f,0.1875f,0f,0f,0f,1f],start_interpolation: 0,interpolation_duration: 1}
$data merge entity $(bone_leg_right) {transformation: [-1f,0f,0f,-0.1125f,0f,1f,0f,0.1479f,0f,0f,-1f,0.1875f,0f,0f,0f,1f],start_interpolation: 0,interpolation_duration: 1}
$data merge entity $(bone_leg2_left) {transformation: [-1f,0f,0f,0.1125f,0f,1f,0f,0.1479f,0f,0f,-1f,-0.1125f,0f,0f,0f,1f],start_interpolation: 0,interpolation_duration: 1}
$data merge entity $(bone_leg2_right) {transformation: [-1f,0f,0f,-0.1125f,0f,1f,0f,0.1479f,0f,0f,-1f,-0.1125f,0f,0f,0f,1f],start_interpolation: 0,interpolation_duration: 1}