# This file was generated by Animated Java via MC-Build. It is not recommended to edit this file directly.
$data merge entity $(bone_hat) {transformation: [-1f,0f,0f,0f,0f,0.9996f,0.0291f,1.4329f,0f,0.0291f,-0.9996f,0.0382f,0f,0f,0f,1f],start_interpolation: 0,interpolation_duration: 1}
$data merge entity $(bone_hair) {transformation: [-1f,0f,0f,0f,0f,0.9996f,0.0291f,1.4595f,0f,0.0291f,-0.9996f,0.039f,0f,0f,0f,1f],start_interpolation: 0,interpolation_duration: 1}
$data merge entity $(bone_glass) {transformation: [-1f,0f,0f,0f,0f,0.9996f,0.0291f,1.4594f,0f,0.0291f,-0.9996f,-0.011f,0f,0f,0f,1f],start_interpolation: 0,interpolation_duration: 1}
$data merge entity $(bone_head) {transformation: [-1f,0f,0f,0f,0f,0.9996f,0.0291f,1.4579f,0f,0.0291f,-0.9996f,0.039f,0f,0f,0f,1f],start_interpolation: 0,interpolation_duration: 1}
$data merge entity $(bone_arm_right) {transformation: [-0.9648f,0.0704f,0.2535f,-0.3125f,0.0925f,0.9928f,0.0764f,1.3956f,-0.2463f,0.0972f,-0.9643f,0.0344f,0f,0f,0f,1f],start_interpolation: 0,interpolation_duration: 1}
$data merge entity $(bone_arm_left) {transformation: [-0.9645f,-0.0706f,-0.2545f,0.3125f,-0.092f,0.9931f,0.0731f,1.3956f,0.2476f,0.0939f,-0.9643f,0.0344f,0f,0f,0f,1f],start_interpolation: 0,interpolation_duration: 1}
$data merge entity $(bone_body) {transformation: [-1f,0f,0f,0f,0f,0.9973f,0.0728f,0.7099f,0f,0.0728f,-0.9973f,-0.0156f,0f,0f,0f,1f],start_interpolation: 0,interpolation_duration: 1}
$data merge entity $(bone_leg_left) {transformation: [-1f,0f,0f,0.125f,0f,1f,0.0073f,0.6824f,0f,0.0073f,-1f,0.0025f,0f,0f,0f,1f],start_interpolation: 0,interpolation_duration: 1}
$data merge entity $(bone_leg_right) {transformation: [-1f,0f,0f,-0.125f,0f,1f,0.0073f,0.6824f,0f,0.0073f,-1f,0.0025f,0f,0f,0f,1f],start_interpolation: 0,interpolation_duration: 1}