# This file was generated by Animated Java via MC-Build. It is not recommended to edit this file directly.
$data merge entity $(bone_hair) {transformation: [-0.9997f,-0.0157f,0.0174f,0.013f,-0.0158f,0.9999f,-0.0053f,1.4945f,-0.0173f,-0.0056f,-0.9998f,0.0046f,0f,0f,0f,1f],start_interpolation: 0,interpolation_duration: 1}
$data merge entity $(bone_head) {transformation: [-0.9997f,-0.0157f,0.0174f,0.013f,-0.0158f,0.9999f,-0.0053f,1.4945f,-0.0173f,-0.0056f,-0.9998f,0.0046f,0f,0f,0f,1f],start_interpolation: 0,interpolation_duration: 1}
$data merge entity $(bone_arm_right) {transformation: [-0.9818f,0.115f,0.151f,-0.2882f,0.1171f,0.9931f,0.005f,1.376f,-0.1494f,0.0226f,-0.9885f,-0.0122f,0f,0f,0f,1f],start_interpolation: 0,interpolation_duration: 1}
$data merge entity $(bone_arm_left) {transformation: [-0.9868f,-0.1193f,-0.1094f,0.3167f,-0.1208f,0.9926f,0.0073f,1.3824f,0.1077f,0.0204f,-0.994f,-0.0122f,0f,0f,0f,1f],start_interpolation: 0,interpolation_duration: 1}
$data merge entity $(bone_body) {transformation: [-0.9999f,-0.0106f,-0.0001f,0.021f,-0.0106f,0.9999f,0.0061f,0.7445f,0f,0.0061f,-1f,0f,0f,0f,0f,1f],start_interpolation: 0,interpolation_duration: 1}
$data merge entity $(bone_leg_left) {transformation: [-0.993f,-0.0458f,0.1085f,0.1457f,-0.045f,0.9989f,0.01f,0.6859f,-0.1088f,0.005f,-0.994f,0.0027f,0f,0f,0f,1f],start_interpolation: 0,interpolation_duration: 1}
$data merge entity $(bone_leg_right) {transformation: [-0.9896f,0.0722f,-0.1243f,-0.1035f,0.0719f,0.9974f,0.0069f,0.6854f,0.1244f,-0.0021f,-0.9922f,0f,0f,0f,0f,1f],start_interpolation: 0,interpolation_duration: 1}