# This file was generated by Animated Java via MC-Build. It is not recommended to edit this file directly.
$data merge entity $(bone_hair) {transformation: [-0.9998f,0f,-0.0179f,0.0112f,0f,1f,0f,1.498f,0.0179f,0f,-0.9998f,0f,0f,0f,0f,1f],start_interpolation: 0,interpolation_duration: 1}
$data merge entity $(bone_head) {transformation: [-0.9998f,0f,-0.0179f,0.0112f,0f,1f,0f,1.4965f,0.0179f,0f,-0.9998f,0f,0f,0f,0f,1f],start_interpolation: 0,interpolation_duration: 1}
$data merge entity $(bone_arm_right) {transformation: [-0.9084f,-0.0149f,0.4179f,-0.2807f,0.0887f,0.9698f,0.2273f,1.434f,-0.4086f,0.2436f,-0.8796f,-0.1198f,0f,0f,0f,1f],start_interpolation: 0,interpolation_duration: 1}
$data merge entity $(bone_arm_left) {transformation: [-0.9917f,-0.0618f,0.1124f,0.3032f,-0.089f,0.9626f,-0.2559f,1.434f,-0.0924f,-0.2638f,-0.9601f,0.1198f,0f,0f,0f,1f],start_interpolation: 0,interpolation_duration: 1}
$data merge entity $(bone_body) {transformation: [-0.969f,0f,0.2472f,0.0112f,0f,1f,0f,0.7465f,-0.2472f,0f,-0.969f,0f,0f,0f,0f,1f],start_interpolation: 0,interpolation_duration: 1}
$data merge entity $(bone_leg_left) {transformation: [-0.9996f,-0.0265f,0.0018f,0.1362f,-0.0254f,0.9731f,0.2289f,0.6825f,-0.0078f,0.2288f,-0.9734f,-0.0483f,0f,0f,0f,1f],start_interpolation: 0,interpolation_duration: 1}
$data merge entity $(bone_leg_right) {transformation: [-0.9995f,-0.0316f,-0.0017f,-0.1138f,-0.0309f,0.9865f,-0.1606f,0.741f,0.0068f,-0.1605f,-0.987f,0.1416f,0f,0f,0f,1f],start_interpolation: 0,interpolation_duration: 1}