# This file was generated by Animated Java via MC-Build. It is not recommended to edit this file directly.
$data merge entity $(bone_hair) {transformation: [-1f,-0.0052f,0f,0.0034f,-0.0052f,1f,0f,1.4381f,0f,0f,-1f,0f,0f,0f,0f,1f],start_interpolation: 0,interpolation_duration: 1}
$data merge entity $(bone_head) {transformation: [-1f,-0.0052f,0f,0.0034f,-0.0052f,1f,0f,1.4381f,0f,0f,-1f,0f,0f,0f,0f,1f],start_interpolation: 0,interpolation_duration: 1}
$data merge entity $(bone_arm_right) {transformation: [-0.9994f,-0.0356f,-0.0048f,-0.3084f,-0.0332f,0.9659f,-0.2568f,1.3723f,0.0138f,-0.2564f,-0.9665f,0.0462f,0f,0f,0f,1f],start_interpolation: 0,interpolation_duration: 1}
$data merge entity $(bone_arm_left) {transformation: [-0.9998f,0.0153f,-0.0102f,0.3165f,0.0122f,0.9664f,0.2566f,1.3789f,0.0138f,0.2564f,-0.9665f,-0.0462f,0f,0f,0f,1f],start_interpolation: 0,interpolation_duration: 1}
$data merge entity $(bone_body) {transformation: [-0.9999f,-0.0105f,0f,0.0113f,-0.0105f,0.9999f,0f,0.6881f,0f,0f,-1f,0f,0f,0f,0f,1f],start_interpolation: 0,interpolation_duration: 1}
$data merge entity $(bone_leg_left) {transformation: [-0.9986f,0.0529f,0.0007f,0.1362f,0.0517f,0.979f,-0.1974f,0.6444f,-0.0111f,-0.1971f,-0.9803f,0.0791f,0f,0f,0f,1f],start_interpolation: 0,interpolation_duration: 1}
$data merge entity $(bone_leg_right) {transformation: [-0.9991f,-0.0417f,-0.0109f,-0.1137f,-0.0416f,0.8694f,0.4923f,0.6134f,-0.011f,0.4923f,-0.8704f,-0.0203f,0f,0f,0f,1f],start_interpolation: 0,interpolation_duration: 1}