# This file was generated by Animated Java via MC-Build. It is not recommended to edit this file directly.
$data merge entity $(bone_ear_left) {transformation: [-0.997f,0.0366f,0.0679f,0.0789f,0.0396f,0.9982f,0.0447f,0.4976f,-0.0661f,0.0473f,-0.9967f,0.2327f,0f,0f,0f,1f],start_interpolation: 0,interpolation_duration: 1}
$data merge entity $(bone_ear_right) {transformation: [-0.997f,-0.0366f,-0.0679f,-0.0788f,-0.0396f,0.9982f,0.0447f,0.4976f,0.0661f,0.0473f,-0.9967f,0.2327f,0f,0f,0f,1f],start_interpolation: 0,interpolation_duration: 1}
$data merge entity $(bone_head) {transformation: [-1f,0f,0f,0f,0f,0.9993f,0.0365f,0.3866f,0f,0.0365f,-0.9993f,0.2254f,0f,0f,0f,1f],start_interpolation: 0,interpolation_duration: 1}
$data merge entity $(bone_bone) {transformation: [-1f,0f,0f,0f,0f,0.9999f,0.0107f,0.1327f,0f,0.0107f,-0.9999f,-0.0736f,0f,0f,0f,1f],start_interpolation: 0,interpolation_duration: 1}
$data merge entity $(bone_tail) {transformation: [-1f,0f,0f,0f,0f,0.9999f,0.0107f,0.3724f,0f,0.0107f,-0.9999f,-0.2139f,0f,0f,0f,1f],start_interpolation: 0,interpolation_duration: 1}
$data merge entity $(bone_body) {transformation: [-1f,0f,0f,0f,0f,0.9999f,0.0107f,0.2557f,0f,0.0107f,-0.9999f,0.0027f,0f,0f,0f,1f],start_interpolation: 0,interpolation_duration: 1}
$data merge entity $(bone_leg_left) {transformation: [-1f,-0.0024f,-0.0013f,0.1125f,-0.0027f,0.947f,0.3212f,0.1353f,0.0005f,0.3212f,-0.947f,0.1777f,0f,0f,0f,1f],start_interpolation: 0,interpolation_duration: 1}
$data merge entity $(bone_leg_right) {transformation: [-1f,0f,0f,-0.1125f,0f,0.9572f,-0.2893f,0.1613f,0f,-0.2893f,-0.9572f,0.19f,0f,0f,0f,1f],start_interpolation: 0,interpolation_duration: 1}
$data merge entity $(bone_leg2_left) {transformation: [-1f,0f,0f,0.1125f,0f,1f,0.007f,0.1907f,0f,0.007f,-1f,-0.1606f,0f,0f,0f,1f],start_interpolation: 0,interpolation_duration: 1}
$data merge entity $(bone_leg2_right) {transformation: [-1f,0f,0f,-0.1125f,0f,0.9998f,0.0178f,0.1547f,0f,0.0178f,-0.9998f,-0.132f,0f,0f,0f,1f],start_interpolation: 0,interpolation_duration: 1}