# This file was generated by Animated Java via MC-Build. It is not recommended to edit this file directly.
$data merge entity $(bone_ear_left) {transformation: [-0.9656f,0.1139f,0.2336f,0.0789f,0.1322f,0.9891f,0.0643f,0.5065f,-0.2237f,0.093f,-0.9702f,0.2226f,0f,0f,0f,1f],start_interpolation: 0,interpolation_duration: 1}
$data merge entity $(bone_ear_right) {transformation: [-0.9656f,-0.1139f,-0.2336f,-0.0788f,-0.1322f,0.9891f,0.0643f,0.5065f,0.2237f,0.093f,-0.9702f,0.2226f,0f,0f,0f,1f],start_interpolation: 0,interpolation_duration: 1}
$data merge entity $(bone_head) {transformation: [-1f,0f,0f,0f,0f,0.9983f,0.0578f,0.3956f,0f,0.0578f,-0.9983f,0.213f,0f,0f,0f,1f],start_interpolation: 0,interpolation_duration: 1}
$data merge entity $(bone_bone) {transformation: [-1f,0f,0f,0f,0f,0.9998f,-0.0213f,0.1324f,0f,-0.0213f,-0.9998f,-0.0778f,0f,0f,0f,1f],start_interpolation: 0,interpolation_duration: 1}
$data merge entity $(bone_tail) {transformation: [-1f,0f,0f,0f,0f,0.9998f,-0.0213f,0.3675f,0f,-0.0213f,-0.9998f,-0.2257f,0f,0f,0f,1f],start_interpolation: 0,interpolation_duration: 1}
$data merge entity $(bone_body) {transformation: [-1f,0f,0f,0f,0f,0.9998f,-0.0213f,0.2577f,0f,-0.0213f,-0.9998f,-0.0054f,0f,0f,0f,1f],start_interpolation: 0,interpolation_duration: 1}
$data merge entity $(bone_leg_left) {transformation: [-1f,0f,0f,0.1125f,0f,0.9926f,-0.1212f,0.1889f,0f,-0.1212f,-0.9926f,0.1902f,0f,0f,0f,1f],start_interpolation: 0,interpolation_duration: 1}
$data merge entity $(bone_leg_right) {transformation: [-1f,0f,0f,-0.1125f,0f,0.9967f,0.0817f,0.147f,0f,0.0817f,-0.9967f,0.1909f,0f,0f,0f,1f],start_interpolation: 0,interpolation_duration: 1}
$data merge entity $(bone_leg2_left) {transformation: [-1f,0f,0f,0.1125f,0f,0.9265f,-0.3762f,0.1455f,0f,-0.3762f,-0.9265f,-0.1094f,0f,0f,0f,1f],start_interpolation: 0,interpolation_duration: 1}
$data merge entity $(bone_leg2_right) {transformation: [-1f,0f,0f,-0.1125f,0f,0.9554f,0.2953f,0.1477f,0f,0.2953f,-0.9554f,-0.2106f,0f,0f,0f,1f],start_interpolation: 0,interpolation_duration: 1}