# This file was generated by Animated Java via MC-Build. It is not recommended to edit this file directly.
$data merge entity $(bone_ear_left) {transformation: [-0.99f,0.0632f,0.1263f,0.0789f,0.0706f,0.996f,0.0547f,0.5004f,-0.1224f,0.063f,-0.9905f,0.2294f,0f,0f,0f,1f],start_interpolation: 0,interpolation_duration: 1}
$data merge entity $(bone_ear_right) {transformation: [-0.99f,-0.0632f,-0.1263f,-0.0788f,-0.0706f,0.996f,0.0547f,0.5004f,0.1224f,0.063f,-0.9905f,0.2294f,0f,0f,0f,1f],start_interpolation: 0,interpolation_duration: 1}
$data merge entity $(bone_head) {transformation: [-1f,0f,0f,0f,0f,0.999f,0.0436f,0.3895f,0f,0.0436f,-0.999f,0.2213f,0f,0f,0f,1f],start_interpolation: 0,interpolation_duration: 1}
$data merge entity $(bone_bone) {transformation: [-1f,0f,0f,0f,0f,1f,0f,0.1325f,0f,0f,-1f,-0.075f,0f,0f,0f,1f],start_interpolation: 0,interpolation_duration: 1}
$data merge entity $(bone_tail) {transformation: [-1f,0f,0f,0f,0f,1f,0f,0.3707f,0f,0f,-1f,-0.2179f,0f,0f,0f,1f],start_interpolation: 0,interpolation_duration: 1}
$data merge entity $(bone_body) {transformation: [-1f,0f,0f,0f,0f,1f,0f,0.2563f,0f,0f,-1f,0f,0f,0f,0f,1f],start_interpolation: 0,interpolation_duration: 1}
$data merge entity $(bone_leg_left) {transformation: [-1f,0f,0f,0.1125f,0f,0.9659f,-0.2588f,0.1719f,0f,-0.2588f,-0.9659f,0.1894f,0f,0f,0f,1f],start_interpolation: 0,interpolation_duration: 1}
$data merge entity $(bone_leg_right) {transformation: [-1f,0f,0f,-0.1125f,0f,0.9659f,0.2588f,0.1425f,0f,0.2588f,-0.9659f,0.1856f,0f,0f,0f,1f],start_interpolation: 0,interpolation_duration: 1}
$data merge entity $(bone_leg2_left) {transformation: [-1f,0f,0f,0.1125f,0f,0.9969f,-0.0786f,0.1481f,0f,-0.0786f,-0.9969f,-0.1281f,0f,0f,0f,1f],start_interpolation: 0,interpolation_duration: 1}
$data merge entity $(bone_leg2_right) {transformation: [-1f,0f,0f,-0.1125f,0f,0.9961f,0.0884f,0.1838f,0f,0.0884f,-0.9961f,-0.1744f,0f,0f,0f,1f],start_interpolation: 0,interpolation_duration: 1}