# This file was generated by Animated Java via MC-Build. It is not recommended to edit this file directly.
$data merge entity $(bone_ear_left) {transformation: [-0.9862f,0.0681f,0.1509f,0.0789f,0.0768f,0.9956f,0.0531f,0.5004f,-0.1466f,0.064f,-0.9871f,0.2294f,0f,0f,0f,1f],start_interpolation: 0,interpolation_duration: 1}
$data merge entity $(bone_ear_right) {transformation: [-0.9862f,-0.0681f,-0.1509f,-0.0788f,-0.0768f,0.9956f,0.0531f,0.5004f,0.1466f,0.064f,-0.9871f,0.2294f,0f,0f,0f,1f],start_interpolation: 0,interpolation_duration: 1}
$data merge entity $(bone_head) {transformation: [-1f,0f,0f,0f,0f,0.999f,0.0436f,0.3895f,0f,0.0436f,-0.999f,0.2213f,0f,0f,0f,1f],start_interpolation: 0,interpolation_duration: 1}
$data merge entity $(bone_bone) {transformation: [-1f,0f,0f,0f,0f,1f,0f,0.1325f,0f,0f,-1f,-0.075f,0f,0f,0f,1f],start_interpolation: 0,interpolation_duration: 1}
$data merge entity $(bone_tail) {transformation: [-1f,0f,0f,0f,0f,1f,0f,0.3707f,0f,0f,-1f,-0.2179f,0f,0f,0f,1f],start_interpolation: 0,interpolation_duration: 1}
$data merge entity $(bone_body) {transformation: [-1f,0f,0f,0f,0f,1f,0f,0.2563f,0f,0f,-1f,0f,0f,0f,0f,1f],start_interpolation: 0,interpolation_duration: 1}
$data merge entity $(bone_leg_left) {transformation: [-1f,0f,0f,0.1125f,0f,0.9941f,-0.1089f,0.1356f,0f,-0.1089f,-0.9941f,0.2181f,0f,0f,0f,1f],start_interpolation: 0,interpolation_duration: 1}
$data merge entity $(bone_leg_right) {transformation: [-1f,0f,0f,-0.1125f,0f,0.9962f,0.0872f,0.1712f,0f,0.0872f,-0.9962f,0.1913f,0f,0f,0f,1f],start_interpolation: 0,interpolation_duration: 1}
$data merge entity $(bone_leg2_left) {transformation: [-1f,0f,0f,0.1125f,0f,0.985f,0.1726f,0.1444f,0f,0.1726f,-0.985f,-0.205f,0f,0f,0f,1f],start_interpolation: 0,interpolation_duration: 1}
$data merge entity $(bone_leg2_right) {transformation: [-1f,0f,0f,-0.1125f,0f,0.964f,-0.2661f,0.1731f,0f,-0.2661f,-0.964f,-0.1175f,0f,0f,0f,1f],start_interpolation: 0,interpolation_duration: 1}