# This file was generated by Animated Java via MC-Build. It is not recommended to edit this file directly.
$data merge entity $(bone_ear_left) {transformation: [-0.9476f,0.129f,0.2924f,0.0789f,0.1523f,0.9866f,0.0584f,0.5078f,-0.2809f,0.0998f,-0.9545f,0.2211f,0f,0f,0f,1f],start_interpolation: 0,interpolation_duration: 1}
$data merge entity $(bone_ear_right) {transformation: [-0.9476f,-0.129f,-0.2924f,-0.0788f,-0.1523f,0.9866f,0.0584f,0.5078f,0.2809f,0.0998f,-0.9545f,0.2211f,0f,0f,0f,1f],start_interpolation: 0,interpolation_duration: 1}
$data merge entity $(bone_head) {transformation: [-1f,0f,0f,0f,0f,0.9981f,0.061f,0.397f,0f,0.061f,-0.9981f,0.2111f,0f,0f,0f,1f],start_interpolation: 0,interpolation_duration: 1}
$data merge entity $(bone_bone) {transformation: [-1f,0f,0f,0f,0f,0.9997f,-0.0262f,0.1324f,0f,-0.0262f,-0.9997f,-0.0784f,0f,0f,0f,1f],start_interpolation: 0,interpolation_duration: 1}
$data merge entity $(bone_tail) {transformation: [-1f,0f,0f,0f,0f,0.9997f,-0.0262f,0.3667f,0f,-0.0262f,-0.9997f,-0.2275f,0f,0f,0f,1f],start_interpolation: 0,interpolation_duration: 1}
$data merge entity $(bone_body) {transformation: [-1f,0f,0f,0f,0f,0.9997f,-0.0262f,0.258f,0f,-0.0262f,-0.9997f,-0.0067f,0f,0f,0f,1f],start_interpolation: 0,interpolation_duration: 1}
$data merge entity $(bone_leg_left) {transformation: [-0.9993f,0.0365f,0.0067f,0.1127f,0.0363f,0.9991f,-0.0209f,0.1392f,-0.0075f,-0.0207f,-0.9998f,0.1824f,0f,0f,0f,1f],start_interpolation: 0,interpolation_duration: 1}
$data merge entity $(bone_leg_right) {transformation: [-1f,0f,0f,-0.1125f,0f,0.9799f,-0.1994f,0.1925f,0f,-0.1994f,-0.9799f,0.1895f,0f,0f,0f,1f],start_interpolation: 0,interpolation_duration: 1}
$data merge entity $(bone_leg2_left) {transformation: [-1f,0f,0f,0.1125f,0f,0.949f,0.3153f,0.1414f,0f,0.3153f,-0.949f,-0.2099f,0f,0f,0f,1f],start_interpolation: 0,interpolation_duration: 1}
$data merge entity $(bone_leg2_right) {transformation: [-1f,0f,0f,-0.1125f,0f,0.9231f,-0.3846f,0.1366f,0f,-0.3846f,-0.9231f,-0.1092f,0f,0f,0f,1f],start_interpolation: 0,interpolation_duration: 1}