# This file was generated by Animated Java via MC-Build. It is not recommended to edit this file directly.
$data merge entity $(bone_bone1) {transformation: [-1.0417f,0f,0f,0f,0f,1.0392f,0.0719f,1.4629f,0f,0.0719f,-1.0392f,-0.1539f,0f,0f,0f,1f],start_interpolation: 0,interpolation_duration: 1}
$data merge entity $(bone_hair) {transformation: [-1f,0f,0f,0f,0f,0.9994f,-0.0349f,1.4515f,0f,-0.0349f,-0.9994f,0.0331f,0f,0f,0f,1f],start_interpolation: 0,interpolation_duration: 1}
$data merge entity $(bone_hat) {transformation: [-1f,0f,0f,0f,0f,0.9994f,-0.0349f,1.3874f,0f,-0.0349f,-0.9994f,0.0353f,0f,0f,0f,1f],start_interpolation: 0,interpolation_duration: 1}
$data merge entity $(bone_head) {transformation: [-1f,0f,0f,0f,0f,0.9994f,-0.0349f,1.4499f,0f,-0.0349f,-0.9994f,0.0331f,0f,0f,0f,1f],start_interpolation: 0,interpolation_duration: 1}
$data merge entity $(bone_arm_right) {transformation: [-0.9562f,0.0779f,0.2823f,-0.3125f,0.0883f,0.9958f,0.0244f,1.3876f,-0.2792f,0.0483f,-0.959f,0.0288f,0f,0f,0f,1f],start_interpolation: 0,interpolation_duration: 1}
$data merge entity $(bone_arm_left) {transformation: [-0.9587f,-0.0753f,-0.2744f,0.3125f,-0.0923f,0.9945f,0.0497f,1.3876f,0.2691f,0.073f,-0.9603f,0.0288f,0f,0f,0f,1f],start_interpolation: 0,interpolation_duration: 1}
$data merge entity $(bone_body) {transformation: [-1f,0f,0f,0f,0f,0.9976f,0.069f,0.7017f,0f,0.069f,-0.9976f,-0.0187f,0f,0f,0f,1f],start_interpolation: 0,interpolation_duration: 1}
$data merge entity $(bone_leg_left) {transformation: [-1f,0f,0f,0.125f,0f,1f,0.0087f,0.6812f,0f,0.0087f,-1f,0.0031f,0f,0f,0f,1f],start_interpolation: 0,interpolation_duration: 1}
$data merge entity $(bone_leg_right) {transformation: [-1f,0f,0f,-0.125f,0f,1f,0.0087f,0.6812f,0f,0.0087f,-1f,0.0031f,0f,0f,0f,1f],start_interpolation: 0,interpolation_duration: 1}