# This file was generated by Animated Java via MC-Build. It is not recommended to edit this file directly.
$data merge entity $(bone_bone1) {transformation: [-1.0417f,0f,0f,0f,0f,1.0388f,0.0767f,1.4681f,0f,0.0767f,-1.0388f,-0.1488f,0f,0f,0f,1f],start_interpolation: 0,interpolation_duration: 1}
$data merge entity $(bone_hair) {transformation: [-1f,0f,0f,0f,0f,0.9998f,0.018f,1.4558f,0f,0.018f,-0.9998f,0.0382f,0f,0f,0f,1f],start_interpolation: 0,interpolation_duration: 1}
$data merge entity $(bone_hat) {transformation: [-1f,0f,0f,0f,0f,0.9998f,0.018f,1.3918f,0f,0.018f,-0.9998f,0.0371f,0f,0f,0f,1f],start_interpolation: 0,interpolation_duration: 1}
$data merge entity $(bone_head) {transformation: [-1f,0f,0f,0f,0f,0.9998f,0.018f,1.4543f,0f,0.018f,-0.9998f,0.0382f,0f,0f,0f,1f],start_interpolation: 0,interpolation_duration: 1}
$data merge entity $(bone_arm_right) {transformation: [-0.9623f,0.0714f,0.2626f,-0.3125f,0.0932f,0.9931f,0.0716f,1.3919f,-0.2557f,0.0933f,-0.9622f,0.0336f,0f,0f,0f,1f],start_interpolation: 0,interpolation_duration: 1}
$data merge entity $(bone_arm_left) {transformation: [-0.962f,-0.0716f,-0.2635f,0.3125f,-0.0927f,0.9933f,0.0687f,1.3919f,0.2568f,0.0905f,-0.9622f,0.0336f,0f,0f,0f,1f],start_interpolation: 0,interpolation_duration: 1}
$data merge entity $(bone_body) {transformation: [-1f,0f,0f,0f,0f,0.9973f,0.0736f,0.7063f,0f,0.0736f,-0.9973f,-0.017f,0f,0f,0f,1f],start_interpolation: 0,interpolation_duration: 1}
$data merge entity $(bone_leg_left) {transformation: [-1f,0f,0f,0.125f,0f,1f,0.0079f,0.6819f,0f,0.0079f,-1f,0.0028f,0f,0f,0f,1f],start_interpolation: 0,interpolation_duration: 1}
$data merge entity $(bone_leg_right) {transformation: [-1f,0f,0f,-0.125f,0f,1f,0.0079f,0.6819f,0f,0.0079f,-1f,0.0028f,0f,0f,0f,1f],start_interpolation: 0,interpolation_duration: 1}