# This file was generated by Animated Java via MC-Build. It is not recommended to edit this file directly.
$data merge entity $(bone_bone1) {transformation: [-1.0417f,0f,0f,0f,0f,1.0403f,0.0525f,1.4727f,0f,0.0525f,-1.0403f,-0.1633f,0f,0f,0f,1f],start_interpolation: 0,interpolation_duration: 1}
$data merge entity $(bone_hair) {transformation: [-1f,0f,0f,0f,0f,0.9987f,-0.0515f,1.4648f,0f,-0.0515f,-0.9987f,0.0239f,0f,0f,0f,1f],start_interpolation: 0,interpolation_duration: 1}
$data merge entity $(bone_hat) {transformation: [-1f,0f,0f,0f,0f,0.9987f,-0.0515f,1.4008f,0f,-0.0515f,-0.9987f,0.0272f,0f,0f,0f,1f],start_interpolation: 0,interpolation_duration: 1}
$data merge entity $(bone_head) {transformation: [-1f,0f,0f,0f,0f,0.9987f,-0.0515f,1.4632f,0f,-0.0515f,-0.9987f,0.0239f,0f,0f,0f,1f],start_interpolation: 0,interpolation_duration: 1}
$data merge entity $(bone_arm_right) {transformation: [-0.9635f,0.0788f,0.2557f,-0.3125f,0.0786f,0.9968f,-0.011f,1.4008f,-0.2558f,0.0095f,-0.9667f,0.0208f,0f,0f,0f,1f],start_interpolation: 0,interpolation_duration: 1}
$data merge entity $(bone_arm_left) {transformation: [-0.9674f,-0.0755f,-0.2419f,0.3125f,-0.086f,0.9957f,0.0331f,1.4008f,0.2383f,0.0528f,-0.9697f,0.0208f,0f,0f,0f,1f],start_interpolation: 0,interpolation_duration: 1}
$data merge entity $(bone_body) {transformation: [-1f,0f,0f,0f,0f,0.9987f,0.0504f,0.7142f,0f,0.0504f,-0.9987f,-0.0139f,0f,0f,0f,1f],start_interpolation: 0,interpolation_duration: 1}
$data merge entity $(bone_leg_left) {transformation: [-1f,0f,0f,0.125f,0f,1f,0.0065f,0.6829f,0f,0.0065f,-1f,0.0023f,0f,0f,0f,1f],start_interpolation: 0,interpolation_duration: 1}
$data merge entity $(bone_leg_right) {transformation: [-1f,0f,0f,-0.125f,0f,1f,0.0065f,0.6829f,0f,0.0065f,-1f,0.0023f,0f,0f,0f,1f],start_interpolation: 0,interpolation_duration: 1}