# This file was generated by Animated Java via MC-Build. It is not recommended to edit this file directly.
$data merge entity $(bone_hair) {transformation: [-1f,-0.0026f,0f,0.0019f,-0.0026f,1f,0f,1.4534f,0f,0f,-1f,0f,0f,0f,0f,1f],start_interpolation: 0,interpolation_duration: 1}
$data merge entity $(bone_head) {transformation: [-1f,-0.0026f,0f,0.002f,-0.0026f,1f,0f,1.3909f,0f,0f,-1f,0f,0f,0f,0f,1f],start_interpolation: 0,interpolation_duration: 1}
$data merge entity $(bone_arm_right) {transformation: [-0.999f,-0.0438f,-0.0035f,-0.3101f,-0.0402f,0.9448f,-0.3253f,1.3268f,0.0175f,-0.3248f,-0.9456f,0.0592f,0f,0f,0f,1f],start_interpolation: 0,interpolation_duration: 1}
$data merge entity $(bone_arm_left) {transformation: [-0.9994f,0.0339f,-0.0069f,0.3148f,0.0298f,0.9452f,0.3252f,1.3301f,0.0175f,0.3248f,-0.9456f,-0.0592f,0f,0f,0f,1f],start_interpolation: 0,interpolation_duration: 1}
$data merge entity $(bone_body) {transformation: [-1f,-0.0052f,0f,0.0056f,-0.0052f,1f,0f,0.7034f,0f,0f,-1f,0f,0f,0f,0f,1f],start_interpolation: 0,interpolation_duration: 1}
$data merge entity $(bone_bone1) {transformation: [-0.9989f,0.0473f,-0.0001f,-0.0259f,0.0451f,0.9525f,-0.3012f,0.0151f,-0.0142f,-0.3009f,-0.9535f,0.2684f,0f,0f,0f,1f],start_interpolation: 0,interpolation_duration: 1}
$data merge entity $(bone_leg_left) {transformation: [-0.9989f,0.0473f,-0.0001f,0.1306f,0.0451f,0.9525f,-0.3012f,0.6464f,-0.0142f,-0.3009f,-0.9535f,0.0689f,0f,0f,0f,1f],start_interpolation: 0,interpolation_duration: 1}
$data merge entity $(bone_bone) {transformation: [-0.9991f,-0.0422f,-0.0049f,-0.1422f,-0.0401f,0.8982f,0.4377f,0.4486f,-0.0141f,0.4375f,-0.8991f,-0.1405f,0f,0f,0f,1f],start_interpolation: 0,interpolation_duration: 1}
$data merge entity $(bone_leg_right) {transformation: [-0.9991f,-0.0422f,-0.0049f,-0.1194f,-0.0401f,0.8982f,0.4377f,0.6295f,-0.0141f,0.4375f,-0.8991f,-0.0525f,0f,0f,0f,1f],start_interpolation: 0,interpolation_duration: 1}