# This file was generated by Animated Java via MC-Build. It is not recommended to edit this file directly.
$data merge entity $(bone_hair) {transformation: [-1f,0.0087f,0f,0.0013f,0.0087f,1f,0f,1.4964f,0f,0f,-1f,0f,0f,0f,0f,1f],start_interpolation: 0,interpolation_duration: 1}
$data merge entity $(bone_head) {transformation: [-1f,0.0087f,0f,0.0007f,0.0087f,1f,0f,1.4339f,0f,0f,-1f,0f,0f,0f,0f,1f],start_interpolation: 0,interpolation_duration: 1}
$data merge entity $(bone_arm_right) {transformation: [-0.9999f,-0.005f,-0.0121f,-0.3128f,-0.0019f,0.9699f,-0.2433f,1.3768f,0.013f,-0.2433f,-0.9699f,0.0439f,0f,0f,0f,1f],start_interpolation: 0,interpolation_duration: 1}
$data merge entity $(bone_arm_left) {transformation: [-0.9992f,0.0388f,-0.0036f,0.3121f,0.0368f,0.9692f,0.2436f,1.3659f,0.013f,0.2433f,-0.9699f,-0.0439f,0f,0f,0f,1f],start_interpolation: 0,interpolation_duration: 1}
$data merge entity $(bone_body) {transformation: [-0.9998f,0.0175f,0f,-0.0112f,0.0175f,0.9998f,0f,0.7465f,0f,0f,-1f,0f,0f,0f,0f,1f],start_interpolation: 0,interpolation_duration: 1}
$data merge entity $(bone_bone1) {transformation: [-0.9991f,0.0417f,0.0039f,-0.039f,0.0405f,0.9862f,-0.1607f,0.0866f,-0.0105f,-0.1604f,-0.987f,0.2476f,0f,0f,0f,1f],start_interpolation: 0,interpolation_duration: 1}
$data merge entity $(bone_leg_left) {transformation: [-0.9991f,0.0417f,0.0039f,0.1138f,0.0405f,0.9862f,-0.1607f,0.741f,-0.0105f,-0.1604f,-0.987f,0.1416f,0f,0f,0f,1f],start_interpolation: 0,interpolation_duration: 1}
$data merge entity $(bone_bone) {transformation: [-0.9985f,-0.0551f,-0.0021f,-0.1564f,-0.0542f,0.9719f,0.2289f,0.4864f,-0.0105f,0.2287f,-0.9734f,-0.0943f,0f,0f,0f,1f],start_interpolation: 0,interpolation_duration: 1}
$data merge entity $(bone_leg_right) {transformation: [-0.9985f,-0.0551f,-0.0021f,-0.1362f,-0.0542f,0.9719f,0.2289f,0.6825f,-0.0105f,0.2287f,-0.9734f,-0.0483f,0f,0f,0f,1f],start_interpolation: 0,interpolation_duration: 1}