# This file was generated by Animated Java via MC-Build. It is not recommended to edit this file directly.
$data merge entity $(bone_hair) {transformation: [-0.9999f,-0.0131f,0f,-0.0019f,-0.0131f,0.9999f,0f,1.5101f,0f,0f,-1f,0f,0f,0f,0f,1f],start_interpolation: 0,interpolation_duration: 1}
$data merge entity $(bone_head) {transformation: [-0.9999f,-0.0131f,0f,-0.0011f,-0.0131f,0.9999f,0f,1.4476f,0f,0f,-1f,0f,0f,0f,0f,1f],start_interpolation: 0,interpolation_duration: 1}
$data merge entity $(bone_arm_right) {transformation: [-0.9994f,-0.0355f,0.0032f,-0.3119f,-0.0344f,0.9834f,0.1782f,1.3769f,-0.0094f,0.1779f,-0.984f,-0.0319f,0f,0f,0f,1f],start_interpolation: 0,interpolation_duration: 1}
$data merge entity $(bone_arm_left) {transformation: [-0.9998f,-0.016f,0.0125f,0.3129f,-0.018f,0.9839f,-0.1777f,1.3933f,-0.0094f,-0.1779f,-0.984f,0.0319f,0f,0f,0f,1f],start_interpolation: 0,interpolation_duration: 1}
$data merge entity $(bone_body) {transformation: [-0.9997f,-0.0262f,0f,0.0169f,-0.0262f,0.9997f,0f,0.7603f,0f,0f,-1f,0f,0f,0f,0f,1f],start_interpolation: 0,interpolation_duration: 1}
$data merge entity $(bone_bone1) {transformation: [-0.9981f,0.0613f,0.0029f,-0.0239f,0.0609f,0.9834f,0.171f,0.0453f,0.0077f,0.1709f,-0.9853f,-0.1496f,0f,0f,0f,1f],start_interpolation: 0,interpolation_duration: 1}
$data merge entity $(bone_leg_left) {transformation: [-0.9981f,0.0613f,0.0029f,0.1419f,0.0609f,0.9834f,0.171f,0.6953f,0.0077f,0.1709f,-0.9853f,-0.0362f,0f,0f,0f,1f],start_interpolation: 0,interpolation_duration: 1}
$data merge entity $(bone_bone) {transformation: [-0.9991f,-0.0411f,-0.0063f,-0.1311f,-0.0409f,0.9986f,-0.0337f,0.5784f,0.0076f,-0.0335f,-0.9994f,0.1785f,0f,0f,0f,1f],start_interpolation: 0,interpolation_duration: 1}
$data merge entity $(bone_leg_right) {transformation: [-0.9991f,-0.0411f,-0.0063f,-0.1081f,-0.0409f,0.9986f,-0.0337f,0.7794f,0.0076f,-0.0335f,-0.9994f,0.1716f,0f,0f,0f,1f],start_interpolation: 0,interpolation_duration: 1}