# This file was generated by Animated Java via MC-Build. It is not recommended to edit this file directly.
$data merge entity $(bone_hair) {transformation: [-1f,-0.0044f,0f,-0.0006f,-0.0044f,1f,0f,1.4826f,0f,0f,-1f,0f,0f,0f,0f,1f],start_interpolation: 0,interpolation_duration: 1}
$data merge entity $(bone_head) {transformation: [-1f,-0.0044f,0f,-0.0004f,-0.0044f,1f,0f,1.4201f,0f,0f,-1f,0f,0f,0f,0f,1f],start_interpolation: 0,interpolation_duration: 1}
$data merge entity $(bone_arm_right) {transformation: [-0.999f,-0.0439f,0.0031f,-0.3123f,-0.0408f,0.9508f,0.307f,1.3549f,-0.0165f,0.3066f,-0.9517f,-0.0558f,0f,0f,0f,1f],start_interpolation: 0,interpolation_duration: 1}
$data merge entity $(bone_arm_left) {transformation: [-0.9996f,0.0273f,0.0085f,0.3127f,0.0234f,0.9515f,-0.3069f,1.3603f,-0.0165f,-0.3066f,-0.9517f,0.0558f,0f,0f,0f,1f],start_interpolation: 0,interpolation_duration: 1}
$data merge entity $(bone_body) {transformation: [-1f,-0.0087f,0f,0.0056f,-0.0087f,1f,0f,0.7326f,0f,0f,-1f,0f,0f,0f,0f,1f],start_interpolation: 0,interpolation_duration: 1}
$data merge entity $(bone_bone1) {transformation: [-0.9988f,0.0483f,0.0005f,-0.0265f,0.0464f,0.9569f,0.2866f,0.036f,0.0133f,0.2863f,-0.9581f,-0.249f,0f,0f,0f,1f],start_interpolation: 0,interpolation_duration: 1}
$data merge entity $(bone_leg_left) {transformation: [-0.9988f,0.0483f,0.0005f,0.1306f,0.0464f,0.9569f,0.2866f,0.6702f,0.0133f,0.2863f,-0.9581f,-0.0592f,0f,0f,0f,1f],start_interpolation: 0,interpolation_duration: 1}
$data merge entity $(bone_bone) {transformation: [-0.9991f,-0.0423f,-0.0017f,-0.1421f,-0.0402f,0.9599f,-0.2774f,0.4998f,0.0133f,-0.2771f,-0.9607f,0.1509f,0f,0f,0f,1f],start_interpolation: 0,interpolation_duration: 1}
$data merge entity $(bone_leg_right) {transformation: [-0.9991f,-0.0423f,-0.0017f,-0.1194f,-0.0402f,0.9599f,-0.2774f,0.6931f,0.0133f,-0.2771f,-0.9607f,0.0951f,0f,0f,0f,1f],start_interpolation: 0,interpolation_duration: 1}