# This file was generated by Animated Java via MC-Build. It is not recommended to edit this file directly.
$data merge entity $(bone_bone) {transformation: [-1f,0f,0f,-0.1163f,0f,1f,0f,1.3125f,0f,0f,-1f,0.1875f,0f,0f,0f,1f],start_interpolation: 0,interpolation_duration: 1}
$data merge entity $(bone_hair) {transformation: [-1f,0f,0f,0.0087f,0f,1f,0f,1.5f,0f,0f,-1f,0f,0f,0f,0f,1f],start_interpolation: 0,interpolation_duration: 1}
$data merge entity $(bone_head) {transformation: [-1f,0f,0f,0.0087f,0f,1f,0f,0.75f,0f,0f,-1f,0f,0f,0f,0f,1f],start_interpolation: 0,interpolation_duration: 1}
$data merge entity $(bone_arm_right) {transformation: [-0.9856f,0.1079f,0.1305f,-0.168f,0.1089f,0.994f,0.0011f,0.6643f,-0.1296f,0.0153f,-0.9914f,-0.016f,0f,0f,0f,1f],start_interpolation: 0,interpolation_duration: 1}
$data merge entity $(bone_arm_left) {transformation: [-0.9835f,-0.1252f,-0.1305f,0.1871f,-0.1261f,0.992f,-0.0011f,0.6362f,0.1296f,0.0153f,-0.9914f,-0.016f,0f,0f,0f,1f],start_interpolation: 0,interpolation_duration: 1}
$data merge entity $(bone_body) {transformation: [-1f,-0.0087f,0f,0.0125f,-0.0087f,1f,0f,0.3125f,0f,0f,-1f,0f,0f,0f,0f,1f],start_interpolation: 0,interpolation_duration: 1}
$data merge entity $(bone_leg_left) {transformation: [-0.9925f,-0.0567f,0.1087f,0.0938f,-0.0564f,0.9984f,0.0062f,0.3125f,-0.1089f,0f,-0.9941f,0f,0f,0f,0f,1f],start_interpolation: 0,interpolation_duration: 1}
$data merge entity $(bone_leg_right) {transformation: [-0.989f,0.061f,-0.1346f,-0.0937f,0.0605f,0.9981f,0.0076f,0.3125f,0.1348f,-0.0006f,-0.9909f,0f,0f,0f,0f,1f],start_interpolation: 0,interpolation_duration: 1}