# This file was generated by Animated Java via MC-Build. It is not recommended to edit this file directly.
$data merge entity $(bone_bone) {transformation: [-1f,-0.0048f,0.0044f,-0.119f,-0.0048f,1f,-0.0013f,1.3112f,-0.0044f,-0.0013f,-1f,0.1869f,0f,0f,0f,1f],start_interpolation: 0,interpolation_duration: 1}
$data merge entity $(bone_hair) {transformation: [-1f,-0.0048f,0.0044f,0.0059f,-0.0048f,1f,-0.0013f,1.4991f,-0.0044f,-0.0013f,-1f,-0.0003f,0f,0f,0f,1f],start_interpolation: 0,interpolation_duration: 1}
$data merge entity $(bone_head) {transformation: [-1f,-0.0048f,0.0044f,0.0095f,-0.0048f,1f,-0.0013f,0.7491f,-0.0044f,-0.0013f,-1f,0.0006f,0f,0f,0f,1f],start_interpolation: 0,interpolation_duration: 1}
$data merge entity $(bone_arm_right) {transformation: [-0.9845f,0.1101f,0.1364f,-0.1672f,0.1114f,0.9938f,0.002f,0.6634f,-0.1353f,0.0172f,-0.9907f,-0.0155f,0f,0f,0f,1f],start_interpolation: 0,interpolation_duration: 1}
$data merge entity $(bone_arm_left) {transformation: [-0.9845f,-0.1233f,-0.1243f,0.188f,-0.1244f,0.9922f,0.0011f,0.6354f,0.1232f,0.0165f,-0.9922f,-0.0155f,0f,0f,0f,1f],start_interpolation: 0,interpolation_duration: 1}
$data merge entity $(bone_body) {transformation: [-1f,-0.0092f,0f,0.0135f,-0.0092f,1f,0.0015f,0.3116f,0f,0.0015f,-1f,0f,0f,0f,0f,1f],start_interpolation: 0,interpolation_duration: 1}
$data merge entity $(bone_leg_left) {transformation: [-0.9926f,-0.0541f,0.1086f,0.0947f,-0.0537f,0.9985f,0.0071f,0.3125f,-0.1089f,0.0012f,-0.9941f,0.0006f,0f,0f,0f,1f],start_interpolation: 0,interpolation_duration: 1}
$data merge entity $(bone_leg_right) {transformation: [-0.9892f,0.0636f,-0.1322f,-0.0926f,0.0632f,0.998f,0.0075f,0.3124f,0.1324f,-0.001f,-0.9912f,0f,0f,0f,0f,1f],start_interpolation: 0,interpolation_duration: 1}