# This file was generated by Animated Java via MC-Build. It is not recommended to edit this file directly.
$data merge entity $(bone_bone) {transformation: [-0.9974f,-0.0427f,0.0576f,-0.1349f,-0.0435f,0.999f,-0.0124f,1.2923f,-0.057f,-0.0148f,-0.9983f,0.1837f,0f,0f,0f,1f],start_interpolation: 0,interpolation_duration: 1}
$data merge entity $(bone_hair) {transformation: [-0.9974f,-0.0427f,0.0576f,-0.0074f,-0.0435f,0.999f,-0.0124f,1.4828f,-0.057f,-0.0148f,-0.9983f,0.0009f,0f,0f,0f,1f],start_interpolation: 0,interpolation_duration: 1}
$data merge entity $(bone_head) {transformation: [-0.9974f,-0.0427f,0.0576f,0.0246f,-0.0435f,0.999f,-0.0124f,0.7335f,-0.057f,-0.0148f,-0.9983f,0.012f,0f,0f,0f,1f],start_interpolation: 0,interpolation_duration: 1}
$data merge entity $(bone_arm_right) {transformation: [-0.9737f,0.1259f,0.1899f,-0.1515f,0.1323f,0.991f,0.0213f,0.6467f,-0.1855f,0.0459f,-0.9816f,-0.0066f,0f,0f,0f,1f],start_interpolation: 0,interpolation_duration: 1}
$data merge entity $(bone_arm_left) {transformation: [-0.9912f,-0.1115f,-0.0706f,0.204f,-0.114f,0.993f,0.0321f,0.6213f,0.0665f,0.0398f,-0.997f,-0.0074f,0f,0f,0f,1f],start_interpolation: 0,interpolation_duration: 1}
$data merge entity $(bone_body) {transformation: [-0.9999f,-0.0166f,-0.0005f,0.0319f,-0.0166f,0.9995f,0.0274f,0.2963f,0f,0.0274f,-0.9996f,0f,0f,0f,0f,1f],start_interpolation: 0,interpolation_duration: 1}
$data merge entity $(bone_leg_left) {transformation: [-0.994f,-0.0117f,0.1085f,0.1119f,-0.0094f,0.9997f,0.0218f,0.3119f,-0.1087f,0.0206f,-0.9939f,0.0113f,0f,0f,0f,1f],start_interpolation: 0,interpolation_duration: 1}
$data merge entity $(bone_leg_right) {transformation: [-0.9899f,0.1074f,-0.0921f,-0.0725f,0.1075f,0.9942f,0.003f,0.31f,0.0918f,-0.007f,-0.9957f,0f,0f,0f,0f,1f],start_interpolation: 0,interpolation_duration: 1}