# This file was generated by Animated Java via MC-Build. It is not recommended to edit this file directly.
$data merge entity $(bone_bone) {transformation: [-0.9981f,-0.0389f,0.0471f,-0.1283f,-0.0389f,0.9992f,-0.0003f,1.2888f,-0.0471f,-0.0021f,-0.9989f,0.196f,0f,0f,0f,1f],start_interpolation: 0,interpolation_duration: 1}
$data merge entity $(bone_hair) {transformation: [-0.9981f,-0.0389f,0.0471f,-0.002f,-0.0389f,0.9992f,-0.0003f,1.481f,-0.0471f,-0.0021f,-0.9989f,0.0142f,0f,0f,0f,1f],start_interpolation: 0,interpolation_duration: 1}
$data merge entity $(bone_head) {transformation: [-0.9981f,-0.0389f,0.0471f,0.0272f,-0.0389f,0.9992f,-0.0003f,0.7315f,-0.0471f,-0.0021f,-0.9989f,0.0158f,0f,0f,0f,1f],start_interpolation: 0,interpolation_duration: 1}
$data merge entity $(bone_arm_right) {transformation: [-0.9762f,0.1208f,0.1801f,-0.1488f,0.1285f,0.9912f,0.0316f,0.6447f,-0.1747f,0.054f,-0.9831f,-0.0035f,0f,0f,0f,1f],start_interpolation: 0,interpolation_duration: 1}
$data merge entity $(bone_arm_left) {transformation: [-0.99f,-0.1159f,-0.0804f,0.2067f,-0.1193f,0.9921f,0.0397f,0.6197f,0.0751f,0.0489f,-0.996f,-0.0046f,0f,0f,0f,1f],start_interpolation: 0,interpolation_duration: 1}
$data merge entity $(bone_body) {transformation: [-0.9998f,-0.0176f,-0.0006f,0.0349f,-0.0176f,0.9992f,0.0361f,0.2944f,0f,0.0361f,-0.9993f,0f,0f,0f,0f,1f],start_interpolation: 0,interpolation_duration: 1}
$data merge entity $(bone_leg_left) {transformation: [-0.9941f,-0.0057f,0.1086f,0.1147f,-0.0031f,0.9997f,0.0239f,0.312f,-0.1087f,0.0234f,-0.9938f,0.0127f,0f,0f,0f,1f],start_interpolation: 0,interpolation_duration: 1}
$data merge entity $(bone_leg_right) {transformation: [-0.9898f,0.1136f,-0.0864f,-0.0693f,0.1138f,0.9935f,0.0021f,0.31f,0.0861f,-0.0078f,-0.9963f,0f,0f,0f,0f,1f],start_interpolation: 0,interpolation_duration: 1}