# This file was generated by Animated Java via MC-Build. It is not recommended to edit this file directly.
$data merge entity $(bone_bone) {transformation: [-0.9985f,-0.0358f,0.0403f,-0.1246f,-0.0356f,0.9994f,0.0058f,1.2878f,-0.0405f,0.0043f,-0.9992f,0.2019f,0f,0f,0f,1f],start_interpolation: 0,interpolation_duration: 1}
$data merge entity $(bone_hair) {transformation: [-0.9985f,-0.0358f,0.0403f,0.001f,-0.0356f,0.9994f,0.0058f,1.4807f,-0.0405f,0.0043f,-0.9992f,0.0204f,0f,0f,0f,1f],start_interpolation: 0,interpolation_duration: 1}
$data merge entity $(bone_head) {transformation: [-0.9985f,-0.0358f,0.0403f,0.0279f,-0.0356f,0.9994f,0.0058f,0.7312f,-0.0405f,0.0043f,-0.9992f,0.0172f,0f,0f,0f,1f],start_interpolation: 0,interpolation_duration: 1}
$data merge entity $(bone_arm_right) {transformation: [-0.9777f,0.1179f,0.1736f,-0.1481f,0.1259f,0.9914f,0.0357f,0.6443f,-0.1679f,0.0567f,-0.9842f,-0.0024f,0f,0f,0f,1f],start_interpolation: 0,interpolation_duration: 1}
$data merge entity $(bone_arm_left) {transformation: [-0.9892f,-0.1183f,-0.0868f,0.2074f,-0.1223f,0.9916f,0.0421f,0.6194f,0.0811f,0.0523f,-0.9953f,-0.0036f,0f,0f,0f,1f],start_interpolation: 0,interpolation_duration: 1}
$data merge entity $(bone_body) {transformation: [-0.9998f,-0.0178f,-0.0007f,0.0357f,-0.0178f,0.9991f,0.0392f,0.2941f,0f,0.0392f,-0.9992f,0f,0f,0f,0f,1f],start_interpolation: 0,interpolation_duration: 1}
$data merge entity $(bone_leg_left) {transformation: [-0.9941f,-0.0045f,0.1086f,0.1154f,-0.0018f,0.9997f,0.0243f,0.3121f,-0.1087f,0.024f,-0.9938f,0.0131f,0f,0f,0f,1f],start_interpolation: 0,interpolation_duration: 1}
$data merge entity $(bone_leg_right) {transformation: [-0.9897f,0.1148f,-0.0853f,-0.0685f,0.1151f,0.9934f,0.0019f,0.3101f,0.0849f,-0.008f,-0.9964f,-0.0001f,0f,0f,0f,1f],start_interpolation: 0,interpolation_duration: 1}