# This file was generated by Animated Java via MC-Build. It is not recommended to edit this file directly.
$data merge entity $(bone_bone) {transformation: [-0.999f,-0.0319f,0.0327f,-0.1206f,-0.0316f,0.9994f,0.0122f,1.2869f,-0.0331f,0.0111f,-0.9994f,0.2079f,0f,0f,0f,1f],start_interpolation: 0,interpolation_duration: 1}
$data merge entity $(bone_hair) {transformation: [-0.999f,-0.0319f,0.0327f,0.0044f,-0.0316f,0.9994f,0.0122f,1.4805f,-0.0331f,0.0111f,-0.9994f,0.0268f,0f,0f,0f,1f],start_interpolation: 0,interpolation_duration: 1}
$data merge entity $(bone_head) {transformation: [-0.999f,-0.0319f,0.0327f,0.0284f,-0.0316f,0.9994f,0.0122f,0.731f,-0.0331f,0.0111f,-0.9994f,0.0184f,0f,0f,0f,1f],start_interpolation: 0,interpolation_duration: 1}
$data merge entity $(bone_arm_right) {transformation: [-0.9794f,0.1146f,0.1662f,-0.1476f,0.1228f,0.9916f,0.0396f,0.6442f,-0.1603f,0.0592f,-0.9853f,-0.0014f,0f,0f,0f,1f],start_interpolation: 0,interpolation_duration: 1}
$data merge entity $(bone_arm_left) {transformation: [-0.9882f,-0.121f,-0.0942f,0.2079f,-0.1256f,0.9911f,0.0442f,0.6193f,0.088f,0.0555f,-0.9946f,-0.0027f,0f,0f,0f,1f],start_interpolation: 0,interpolation_duration: 1}
$data merge entity $(bone_body) {transformation: [-0.9998f,-0.018f,-0.0008f,0.0362f,-0.018f,0.999f,0.0421f,0.2939f,0f,0.0421f,-0.9991f,0f,0f,0f,0f,1f],start_interpolation: 0,interpolation_duration: 1}
$data merge entity $(bone_leg_left) {transformation: [-0.9941f,-0.0036f,0.1086f,0.116f,-0.001f,0.9997f,0.0246f,0.3122f,-0.1087f,0.0244f,-0.9938f,0.0133f,0f,0f,0f,1f],start_interpolation: 0,interpolation_duration: 1}
$data merge entity $(bone_leg_right) {transformation: [-0.9897f,0.1157f,-0.0845f,-0.068f,0.116f,0.9932f,0.0017f,0.3102f,0.0841f,-0.0081f,-0.9964f,-0.0001f,0f,0f,0f,1f],start_interpolation: 0,interpolation_duration: 1}