# This file was generated by Animated Java via MC-Build. It is not recommended to edit this file directly.
$data merge entity $(bone_bone) {transformation: [-0.9999f,-0.0101f,0.0103f,-0.1219f,-0.0101f,0.9999f,-0.0031f,1.3095f,-0.0103f,-0.0032f,-0.9999f,0.1859f,0f,0f,0f,1f],start_interpolation: 0,interpolation_duration: 1}
$data merge entity $(bone_hair) {transformation: [-0.9999f,-0.0101f,0.0103f,0.0032f,-0.0101f,0.9999f,-0.0031f,1.4977f,-0.0103f,-0.0032f,-0.9999f,-0.0009f,0f,0f,0f,1f],start_interpolation: 0,interpolation_duration: 1}
$data merge entity $(bone_head) {transformation: [-0.9999f,-0.0101f,0.0103f,0.0107f,-0.0101f,0.9999f,-0.0031f,0.7478f,-0.0103f,-0.0032f,-0.9999f,0.0016f,0f,0f,0f,1f],start_interpolation: 0,interpolation_duration: 1}
$data merge entity $(bone_arm_right) {transformation: [-0.9833f,0.1125f,0.1433f,-0.1659f,0.1141f,0.9935f,0.0033f,0.6619f,-0.142f,0.0196f,-0.9897f,-0.0148f,0f,0f,0f,1f],start_interpolation: 0,interpolation_duration: 1}
$data merge entity $(bone_arm_left) {transformation: [-0.9857f,-0.1213f,-0.1172f,0.1893f,-0.1226f,0.9924f,0.0039f,0.6342f,0.1158f,0.0182f,-0.9931f,-0.0149f,0f,0f,0f,1f],start_interpolation: 0,interpolation_duration: 1}
$data merge entity $(bone_body) {transformation: [-1f,-0.0098f,0f,0.015f,-0.0098f,0.9999f,0.0036f,0.3103f,0f,0.0036f,-1f,0f,0f,0f,0f,1f],start_interpolation: 0,interpolation_duration: 1}
$data merge entity $(bone_leg_left) {transformation: [-0.9928f,-0.0504f,0.1086f,0.0961f,-0.0498f,0.9987f,0.0084f,0.3125f,-0.1088f,0.0029f,-0.9941f,0.0016f,0f,0f,0f,1f],start_interpolation: 0,interpolation_duration: 1}
$data merge entity $(bone_leg_right) {transformation: [-0.9894f,0.0675f,-0.1286f,-0.0909f,0.0671f,0.9977f,0.0072f,0.3122f,0.1288f,-0.0015f,-0.9917f,0f,0f,0f,0f,1f],start_interpolation: 0,interpolation_duration: 1}