# This file was generated by Animated Java via MC-Build. It is not recommended to edit this file directly.
$data merge entity $(bone_bone) {transformation: [-1f,-0.0087f,-0.0007f,-0.1015f,-0.0087f,0.9994f,0.0349f,1.2867f,0.0004f,0.0349f,-0.9994f,0.2281f,0f,0f,0f,1f],start_interpolation: 0,interpolation_duration: 1}
$data merge entity $(bone_hair) {transformation: [-1f,-0.0087f,-0.0007f,0.0218f,-0.0087f,0.9994f,0.0349f,1.4818f,0.0004f,0.0349f,-0.9994f,0.0472f,0f,0f,0f,1f],start_interpolation: 0,interpolation_duration: 1}
$data merge entity $(bone_head) {transformation: [-1f,-0.0087f,-0.0007f,0.0283f,-0.0087f,0.9994f,0.0349f,0.7322f,0.0004f,0.0349f,-0.9994f,0.021f,0f,0f,0f,1f],start_interpolation: 0,interpolation_duration: 1}
$data merge entity $(bone_arm_right) {transformation: [-0.9866f,0.0992f,0.1297f,-0.1477f,0.1065f,0.9931f,0.0499f,0.6457f,-0.1239f,0.063f,-0.9903f,0.0007f,0f,0f,0f,1f],start_interpolation: 0,interpolation_duration: 1}
$data merge entity $(bone_arm_left) {transformation: [-0.9823f,-0.1338f,-0.1314f,0.2078f,-0.1408f,0.989f,0.0453f,0.6206f,0.1239f,0.063f,-0.9903f,-0.0008f,0f,0f,0f,1f],start_interpolation: 0,interpolation_duration: 1}
$data merge entity $(bone_body) {transformation: [-0.9998f,-0.0174f,-0.0008f,0.0359f,-0.0175f,0.9987f,0.048f,0.2953f,0f,0.048f,-0.9988f,0f,0f,0f,0f,1f],start_interpolation: 0,interpolation_duration: 1}
$data merge entity $(bone_leg_left) {transformation: [-0.9941f,-0.0066f,0.1086f,0.1157f,-0.004f,0.9997f,0.0236f,0.3124f,-0.1087f,0.023f,-0.9938f,0.0125f,0f,0f,0f,1f],start_interpolation: 0,interpolation_duration: 1}
$data merge entity $(bone_leg_right) {transformation: [-0.9898f,0.1127f,-0.0872f,-0.0686f,0.1129f,0.9936f,0.0022f,0.3108f,0.0869f,-0.0076f,-0.9962f,-0.0001f,0f,0f,0f,1f],start_interpolation: 0,interpolation_duration: 1}