# This file was generated by Animated Java via MC-Build. It is not recommended to edit this file directly.
$data merge entity $(bone_bone) {transformation: [-1f,-0.0038f,-0.0039f,-0.0989f,-0.0039f,0.9994f,0.0348f,1.2882f,0.0038f,0.0348f,-0.9994f,0.2276f,0f,0f,0f,1f],start_interpolation: 0,interpolation_duration: 1}
$data merge entity $(bone_hair) {transformation: [-1f,-0.0038f,-0.0039f,0.0247f,-0.0039f,0.9994f,0.0348f,1.4826f,0.0038f,0.0348f,-0.9994f,0.0463f,0f,0f,0f,1f],start_interpolation: 0,interpolation_duration: 1}
$data merge entity $(bone_head) {transformation: [-1f,-0.0038f,-0.0039f,0.0276f,-0.0039f,0.9994f,0.0348f,0.7331f,0.0038f,0.0348f,-0.9994f,0.0201f,0f,0f,0f,1f],start_interpolation: 0,interpolation_duration: 1}
$data merge entity $(bone_arm_right) {transformation: [-0.9875f,0.0972f,0.1244f,-0.1485f,0.1039f,0.9934f,0.0485f,0.6465f,-0.1189f,0.0608f,-0.991f,0f,0f,0f,0f,1f],start_interpolation: 0,interpolation_duration: 1}
$data merge entity $(bone_arm_left) {transformation: [-0.9812f,-0.1357f,-0.1373f,0.207f,-0.1428f,0.9888f,0.0426f,0.6214f,0.13f,0.0614f,-0.9896f,-0.0014f,0f,0f,0f,1f],start_interpolation: 0,interpolation_duration: 1}
$data merge entity $(bone_body) {transformation: [-0.9999f,-0.017f,-0.0008f,0.035f,-0.017f,0.9988f,0.046f,0.2961f,0f,0.046f,-0.9989f,0f,0f,0f,0f,1f],start_interpolation: 0,interpolation_duration: 1}
$data merge entity $(bone_leg_left) {transformation: [-0.994f,-0.0091f,0.1086f,0.1149f,-0.0067f,0.9997f,0.0228f,0.3124f,-0.1087f,0.0219f,-0.9938f,0.0119f,0f,0f,0f,1f],start_interpolation: 0,interpolation_duration: 1}
$data merge entity $(bone_leg_right) {transformation: [-0.9899f,0.1101f,-0.0896f,-0.0696f,0.1103f,0.9939f,0.0026f,0.3109f,0.0893f,-0.0073f,-0.996f,-0.0001f,0f,0f,0f,1f],start_interpolation: 0,interpolation_duration: 1}