# This file was generated by Animated Java via MC-Build. It is not recommended to edit this file directly.
$data merge entity $(bone_bone) {transformation: [-1f,0.002f,-0.0065f,-0.0962f,0.0018f,0.9994f,0.0332f,1.2905f,0.0066f,0.0332f,-0.9994f,0.2256f,0f,0f,0f,1f],start_interpolation: 0,interpolation_duration: 1}
$data merge entity $(bone_hair) {transformation: [-1f,0.002f,-0.0065f,0.0279f,0.0018f,0.9994f,0.0332f,1.4839f,0.0066f,0.0332f,-0.9994f,0.0436f,0f,0f,0f,1f],start_interpolation: 0,interpolation_duration: 1}
$data merge entity $(bone_head) {transformation: [-1f,0.002f,-0.0065f,0.0264f,0.0018f,0.9994f,0.0332f,0.7343f,0.0066f,0.0332f,-0.9994f,0.0187f,0f,0f,0f,1f],start_interpolation: 0,interpolation_duration: 1}
$data merge entity $(bone_arm_right) {transformation: [-0.9884f,0.095f,0.1188f,-0.1497f,0.101f,0.9938f,0.0457f,0.6478f,-0.1137f,0.0572f,-0.9919f,-0.0011f,0f,0f,0f,1f],start_interpolation: 0,interpolation_duration: 1}
$data merge entity $(bone_arm_left) {transformation: [-0.98f,-0.1378f,-0.1437f,0.2058f,-0.1446f,0.9887f,0.0384f,0.6224f,0.1368f,0.0585f,-0.9889f,-0.0025f,0f,0f,0f,1f],start_interpolation: 0,interpolation_duration: 1}
$data merge entity $(bone_body) {transformation: [-0.9999f,-0.0164f,-0.0007f,0.0336f,-0.0164f,0.999f,0.0427f,0.2972f,0f,0.0427f,-0.9991f,0f,0f,0f,0f,1f],start_interpolation: 0,interpolation_duration: 1}
$data merge entity $(bone_leg_left) {transformation: [-0.994f,-0.0127f,0.1085f,0.1136f,-0.0104f,0.9997f,0.0215f,0.3123f,-0.1087f,0.0203f,-0.9939f,0.011f,0f,0f,0f,1f],start_interpolation: 0,interpolation_duration: 1}
$data merge entity $(bone_leg_right) {transformation: [-0.99f,0.1064f,-0.093f,-0.0712f,0.1066f,0.9943f,0.0032f,0.3109f,0.0928f,-0.0068f,-0.9957f,-0.0001f,0f,0f,0f,1f],start_interpolation: 0,interpolation_duration: 1}