# This file was generated by Animated Java via MC-Build. It is not recommended to edit this file directly.
$data merge entity $(bone_bone) {transformation: [-0.9999f,0.0084f,-0.0086f,-0.0937f,0.0082f,0.9995f,0.0303f,1.2933f,0.0088f,0.0303f,-0.9995f,0.2223f,0f,0f,0f,1f],start_interpolation: 0,interpolation_duration: 1}
$data merge entity $(bone_hair) {transformation: [-0.9999f,0.0084f,-0.0086f,0.0313f,0.0082f,0.9995f,0.0303f,1.4853f,0.0088f,0.0303f,-0.9995f,0.0395f,0f,0f,0f,1f],start_interpolation: 0,interpolation_duration: 1}
$data merge entity $(bone_head) {transformation: [-0.9999f,0.0084f,-0.0086f,0.025f,0.0082f,0.9995f,0.0303f,0.7357f,0.0088f,0.0303f,-0.9995f,0.0168f,0f,0f,0f,1f],start_interpolation: 0,interpolation_duration: 1}
$data merge entity $(bone_arm_right) {transformation: [-0.9892f,0.0929f,0.113f,-0.1512f,0.0982f,0.9943f,0.0418f,0.6493f,-0.1085f,0.0525f,-0.9927f,-0.0027f,0f,0f,0f,1f],start_interpolation: 0,interpolation_duration: 1}
$data merge entity $(bone_arm_left) {transformation: [-0.9787f,-0.1398f,-0.1504f,0.2043f,-0.1464f,0.9887f,0.0332f,0.6236f,0.1441f,0.0545f,-0.9881f,-0.0039f,0f,0f,0f,1f],start_interpolation: 0,interpolation_duration: 1}
$data merge entity $(bone_body) {transformation: [-0.9999f,-0.0156f,-0.0006f,0.0318f,-0.0156f,0.9991f,0.0384f,0.2986f,0f,0.0384f,-0.9993f,0f,0f,0f,0f,1f],start_interpolation: 0,interpolation_duration: 1}
$data merge entity $(bone_leg_left) {transformation: [-0.994f,-0.0171f,0.1085f,0.112f,-0.015f,0.9997f,0.02f,0.3121f,-0.1088f,0.0182f,-0.9939f,0.0099f,0f,0f,0f,1f],start_interpolation: 0,interpolation_duration: 1}
$data merge entity $(bone_leg_right) {transformation: [-0.99f,0.1018f,-0.0971f,-0.0731f,0.102f,0.9948f,0.0038f,0.311f,0.097f,-0.0062f,-0.9953f,-0.0001f,0f,0f,0f,1f],start_interpolation: 0,interpolation_duration: 1}