# This file was generated by Animated Java via MC-Build. It is not recommended to edit this file directly.
$data merge entity $(bone_bone) {transformation: [-0.9994f,0.0334f,-0.0127f,-0.0857f,0.0333f,0.9994f,0.013f,1.3063f,0.0131f,0.0126f,-0.9998f,0.2034f,0f,0f,0f,1f],start_interpolation: 0,interpolation_duration: 1}
$data merge entity $(bone_hair) {transformation: [-0.9994f,0.0334f,-0.0127f,0.0431f,0.0333f,0.9994f,0.013f,1.4919f,0.0131f,0.0126f,-0.9998f,0.0167f,0f,0f,0f,1f],start_interpolation: 0,interpolation_duration: 1}
$data merge entity $(bone_head) {transformation: [-0.9994f,0.0334f,-0.0127f,0.018f,0.0333f,0.9994f,0.013f,0.7424f,0.0131f,0.0126f,-0.9998f,0.0073f,0f,0f,0f,1f],start_interpolation: 0,interpolation_duration: 1}
$data merge entity $(bone_arm_right) {transformation: [-0.9919f,0.0863f,0.0932f,-0.1585f,0.0886f,0.9958f,0.0214f,0.6561f,-0.091f,0.0295f,-0.9954f,-0.0104f,0f,0f,0f,1f],start_interpolation: 0,interpolation_duration: 1}
$data merge entity $(bone_arm_left) {transformation: [-0.9737f,-0.1466f,-0.1744f,0.1969f,-0.1503f,0.9886f,0.0082f,0.6292f,0.1712f,0.0342f,-0.9846f,-0.0109f,0f,0f,0f,1f],start_interpolation: 0,interpolation_duration: 1}
$data merge entity $(bone_body) {transformation: [-0.9999f,-0.012f,-0.0002f,0.0233f,-0.012f,0.9998f,0.0166f,0.305f,0f,0.0166f,-0.9999f,0f,0f,0f,0f,1f],start_interpolation: 0,interpolation_duration: 1}
$data merge entity $(bone_leg_left) {transformation: [-0.9934f,-0.0378f,0.1084f,0.1041f,-0.0366f,0.9992f,0.0128f,0.3115f,-0.1088f,0.0087f,-0.994f,0.0048f,0f,0f,0f,1f],start_interpolation: 0,interpolation_duration: 1}
$data merge entity $(bone_leg_right) {transformation: [-0.9899f,0.0805f,-0.1167f,-0.0825f,0.0803f,0.9968f,0.0062f,0.3111f,0.1169f,-0.0032f,-0.9931f,0f,0f,0f,0f,1f],start_interpolation: 0,interpolation_duration: 1}