# This file was generated by Animated Java via MC-Build. It is not recommended to edit this file directly.
$data merge entity $(bone_bone) {transformation: [-0.9991f,0.041f,-0.0131f,-0.0844f,0.0409f,0.9991f,0.0054f,1.3113f,0.0133f,0.0048f,-0.9999f,0.1951f,0f,0f,0f,1f],start_interpolation: 0,interpolation_duration: 1}
$data merge entity $(bone_hair) {transformation: [-0.9991f,0.041f,-0.0131f,0.0457f,0.0409f,0.9991f,0.0054f,1.4946f,0.0133f,0.0048f,-0.9999f,0.0069f,0f,0f,0f,1f],start_interpolation: 0,interpolation_duration: 1}
$data merge entity $(bone_head) {transformation: [-0.9991f,0.041f,-0.0131f,0.0149f,0.0409f,0.9991f,0.0054f,0.7452f,0.0133f,0.0048f,-0.9999f,0.0032f,0f,0f,0f,1f],start_interpolation: 0,interpolation_duration: 1}
$data merge entity $(bone_arm_right) {transformation: [-0.9925f,0.085f,0.088f,-0.1617f,0.0864f,0.9962f,0.0125f,0.6591f,-0.0866f,0.02f,-0.996f,-0.0136f,0f,0f,0f,1f],start_interpolation: 0,interpolation_duration: 1}
$data merge entity $(bone_arm_left) {transformation: [-0.9723f,-0.148f,-0.1808f,0.1936f,-0.1502f,0.9887f,-0.0017f,0.6316f,0.179f,0.0255f,-0.9835f,-0.0139f,0f,0f,0f,1f],start_interpolation: 0,interpolation_duration: 1}
$data merge entity $(bone_body) {transformation: [-0.9999f,-0.0105f,-0.0001f,0.0195f,-0.0105f,0.9999f,0.0074f,0.3077f,0f,0.0074f,-1f,0f,0f,0f,0f,1f],start_interpolation: 0,interpolation_duration: 1}
$data merge entity $(bone_leg_left) {transformation: [-0.993f,-0.0465f,0.1085f,0.1007f,-0.0457f,0.9989f,0.0097f,0.3113f,-0.1089f,0.0047f,-0.994f,0.0026f,0f,0f,0f,1f],start_interpolation: 0,interpolation_duration: 1}
$data merge entity $(bone_leg_right) {transformation: [-0.9896f,0.0715f,-0.125f,-0.0866f,0.0712f,0.9974f,0.007f,0.3112f,0.1252f,-0.002f,-0.9921f,0f,0f,0f,0f,1f],start_interpolation: 0,interpolation_duration: 1}