# This file was generated by Animated Java via MC-Build. It is not recommended to edit this file directly.
$data merge entity $(bone_bone) {transformation: [-0.9997f,-0.0157f,0.0174f,-0.1248f,-0.0158f,0.9999f,-0.0053f,1.3075f,-0.0173f,-0.0056f,-0.9998f,0.1848f,0f,0f,0f,1f],start_interpolation: 0,interpolation_duration: 1}
$data merge entity $(bone_hair) {transformation: [-0.9997f,-0.0157f,0.0174f,0.0005f,-0.0158f,0.9999f,-0.0053f,1.496f,-0.0173f,-0.0056f,-0.9998f,-0.0015f,0f,0f,0f,1f],start_interpolation: 0,interpolation_duration: 1}
$data merge entity $(bone_head) {transformation: [-0.9997f,-0.0157f,0.0174f,0.0123f,-0.0158f,0.9999f,-0.0053f,0.7461f,-0.0173f,-0.0056f,-0.9998f,0.0027f,0f,0f,0f,1f],start_interpolation: 0,interpolation_duration: 1}
$data merge entity $(bone_arm_right) {transformation: [-0.9818f,0.115f,0.151f,-0.1642f,0.1171f,0.9931f,0.005f,0.6601f,-0.1494f,0.0226f,-0.9885f,-0.0139f,0f,0f,0f,1f],start_interpolation: 0,interpolation_duration: 1}
$data merge entity $(bone_arm_left) {transformation: [-0.9868f,-0.1193f,-0.1094f,0.191f,-0.1208f,0.9926f,0.0073f,0.6327f,0.1077f,0.0204f,-0.994f,-0.0141f,0f,0f,0f,1f],start_interpolation: 0,interpolation_duration: 1}
$data merge entity $(bone_body) {transformation: [-0.9999f,-0.0106f,-0.0001f,0.017f,-0.0106f,0.9999f,0.0061f,0.3086f,0f,0.0061f,-1f,0f,0f,0f,0f,1f],start_interpolation: 0,interpolation_duration: 1}
$data merge entity $(bone_leg_left) {transformation: [-0.993f,-0.0458f,0.1085f,0.0979f,-0.045f,0.9989f,0.01f,0.3124f,-0.1088f,0.005f,-0.994f,0.0027f,0f,0f,0f,1f],start_interpolation: 0,interpolation_duration: 1}
$data merge entity $(bone_leg_right) {transformation: [-0.9896f,0.0722f,-0.1243f,-0.0888f,0.0719f,0.9974f,0.0069f,0.3119f,0.1244f,-0.0021f,-0.9922f,0f,0f,0f,0f,1f],start_interpolation: 0,interpolation_duration: 1}