# This file was generated by Animated Java via MC-Build. It is not recommended to edit this file directly.
$data merge entity $(bone_bone) {transformation: [-0.999f,0.042f,-0.013f,-0.086f,0.042f,0.9991f,0.0016f,1.314f,0.0131f,0.001f,-0.9999f,0.1907f,0f,0f,0f,1f],start_interpolation: 0,interpolation_duration: 1}
$data merge entity $(bone_hair) {transformation: [-0.999f,0.042f,-0.013f,0.0443f,0.042f,0.9991f,0.0016f,1.4964f,0.0131f,0.001f,-0.9999f,0.0017f,0f,0f,0f,1f],start_interpolation: 0,interpolation_duration: 1}
$data merge entity $(bone_head) {transformation: [-0.999f,0.042f,-0.013f,0.0128f,0.042f,0.9991f,0.0016f,0.7471f,0.0131f,0.001f,-0.9999f,0.001f,0f,0f,0f,1f],start_interpolation: 0,interpolation_duration: 1}
$data merge entity $(bone_arm_right) {transformation: [-0.9924f,0.086f,0.0881f,-0.1639f,0.0869f,0.9962f,0.0072f,0.6611f,-0.0871f,0.0148f,-0.9961f,-0.0155f,0f,0f,0f,1f],start_interpolation: 0,interpolation_duration: 1}
$data merge entity $(bone_arm_left) {transformation: [-0.9725f,-0.147f,-0.1808f,0.1914f,-0.1483f,0.9889f,-0.0067f,0.6332f,0.1798f,0.0203f,-0.9835f,-0.0155f,0f,0f,0f,1f],start_interpolation: 0,interpolation_duration: 1}
$data merge entity $(bone_body) {transformation: [-1f,-0.0095f,0f,0.017f,-0.0095f,1f,0.0022f,0.3096f,0f,0.0022f,-1f,0f,0f,0f,0f,1f],start_interpolation: 0,interpolation_duration: 1}
$data merge entity $(bone_leg_left) {transformation: [-0.9927f,-0.052f,0.1086f,0.0983f,-0.0514f,0.9986f,0.0078f,0.3113f,-0.1089f,0.0022f,-0.9941f,0.0013f,0f,0f,0f,1f],start_interpolation: 0,interpolation_duration: 1}
$data merge entity $(bone_leg_right) {transformation: [-0.9893f,0.0659f,-0.1302f,-0.0894f,0.0655f,0.9978f,0.0074f,0.3114f,0.1304f,-0.0012f,-0.9915f,0f,0f,0f,0f,1f],start_interpolation: 0,interpolation_duration: 1}