# This file was generated by Animated Java via MC-Build. It is not recommended to edit this file directly.
$data merge entity $(bone_bone) {transformation: [-0.9993f,0.0367f,-0.0123f,-0.0911f,0.0367f,0.9993f,0.0004f,1.3153f,0.0123f,-0.0001f,-0.9999f,0.1886f,0f,0f,0f,1f],start_interpolation: 0,interpolation_duration: 1}
$data merge entity $(bone_hair) {transformation: [-0.9993f,0.0367f,-0.0123f,0.0384f,0.0367f,0.9993f,0.0004f,1.4982f,0.0123f,-0.0001f,-0.9999f,-0.0004f,0f,0f,0f,1f],start_interpolation: 0,interpolation_duration: 1}
$data merge entity $(bone_head) {transformation: [-0.9993f,0.0367f,-0.0123f,0.0109f,0.0367f,0.9993f,0.0004f,0.7487f,0.0123f,-0.0001f,-0.9999f,-0.0004f,0f,0f,0f,1f],start_interpolation: 0,interpolation_duration: 1}
$data merge entity $(bone_arm_right) {transformation: [-0.9916f,0.0894f,0.0934f,-0.1658f,0.0902f,0.9959f,0.0037f,0.6628f,-0.0927f,0.0121f,-0.9956f,-0.0165f,0f,0f,0f,1f],start_interpolation: 0,interpolation_duration: 1}
$data merge entity $(bone_arm_left) {transformation: [-0.9742f,-0.1435f,-0.1742f,0.1894f,-0.1442f,0.9895f,-0.0084f,0.6347f,0.1736f,0.017f,-0.9847f,-0.0164f,0f,0f,0f,1f],start_interpolation: 0,interpolation_duration: 1}
$data merge entity $(bone_body) {transformation: [-1f,-0.0088f,0f,0.0148f,-0.0088f,1f,-0.0008f,0.3112f,0f,-0.0008f,-1f,0f,0f,0f,0f,1f],start_interpolation: 0,interpolation_duration: 1}
$data merge entity $(bone_leg_left) {transformation: [-0.9925f,-0.056f,0.1087f,0.0961f,-0.0556f,0.9984f,0.0064f,0.3115f,-0.1089f,0.0003f,-0.9941f,0.0003f,0f,0f,0f,1f],start_interpolation: 0,interpolation_duration: 1}
$data merge entity $(bone_leg_right) {transformation: [-0.9891f,0.0617f,-0.134f,-0.0917f,0.0613f,0.9981f,0.0076f,0.3117f,0.1342f,-0.0007f,-0.991f,0f,0f,0f,0f,1f],start_interpolation: 0,interpolation_duration: 1}