# This file was generated by Animated Java via MC-Build. It is not recommended to edit this file directly.
$data merge entity $(bone_bone) {transformation: [-0.9994f,0.0323f,-0.0117f,-0.0945f,0.0323f,0.9995f,0.0003f,1.3156f,0.0117f,-0.0001f,-0.9999f,0.1881f,0f,0f,0f,1f],start_interpolation: 0,interpolation_duration: 1}
$data merge entity $(bone_hair) {transformation: [-0.9994f,0.0323f,-0.0117f,0.0343f,0.0323f,0.9995f,0.0003f,1.499f,0.0117f,-0.0001f,-0.9999f,-0.0008f,0f,0f,0f,1f],start_interpolation: 0,interpolation_duration: 1}
$data merge entity $(bone_head) {transformation: [-0.9994f,0.0323f,-0.0117f,0.01f,0.0323f,0.9995f,0.0003f,0.7494f,0.0117f,-0.0001f,-0.9999f,-0.0008f,0f,0f,0f,1f],start_interpolation: 0,interpolation_duration: 1}
$data merge entity $(bone_arm_right) {transformation: [-0.991f,0.0918f,0.0976f,-0.1667f,0.0925f,0.9957f,0.0025f,0.6636f,-0.097f,0.0115f,-0.9952f,-0.0168f,0f,0f,0f,1f],start_interpolation: 0,interpolation_duration: 1}
$data merge entity $(bone_arm_left) {transformation: [-0.9755f,-0.141f,-0.1691f,0.1885f,-0.1416f,0.9899f,-0.0084f,0.6354f,0.1685f,0.0158f,-0.9856f,-0.0167f,0f,0f,0f,1f],start_interpolation: 0,interpolation_duration: 1}
$data merge entity $(bone_body) {transformation: [-1f,-0.0086f,0f,0.0138f,-0.0086f,1f,-0.0017f,0.3119f,0f,-0.0017f,-1f,0f,0f,0f,0f,1f],start_interpolation: 0,interpolation_duration: 1}
$data merge entity $(bone_leg_left) {transformation: [-0.9924f,-0.0575f,0.1087f,0.0952f,-0.0572f,0.9983f,0.0059f,0.3117f,-0.1089f,-0.0004f,-0.9941f,-0.0001f,0f,0f,0f,1f],start_interpolation: 0,interpolation_duration: 1}
$data merge entity $(bone_leg_right) {transformation: [-0.989f,0.0602f,-0.1354f,-0.0927f,0.0597f,0.9982f,0.0077f,0.3119f,0.1357f,-0.0005f,-0.9908f,0f,0f,0f,0f,1f],start_interpolation: 0,interpolation_duration: 1}