# This file was generated by Animated Java via MC-Build. It is not recommended to edit this file directly.
$data merge entity $(bone_bone) {transformation: [-0.9996f,0.0273f,-0.0107f,-0.0983f,0.0273f,0.9996f,0.0004f,1.3156f,0.0108f,0.0001f,-0.9999f,0.1879f,0f,0f,0f,1f],start_interpolation: 0,interpolation_duration: 1}
$data merge entity $(bone_hair) {transformation: [-0.9996f,0.0273f,-0.0107f,0.0298f,0.0273f,0.9996f,0.0004f,1.4997f,0.0108f,0.0001f,-0.9999f,-0.0009f,0f,0f,0f,1f],start_interpolation: 0,interpolation_duration: 1}
$data merge entity $(bone_head) {transformation: [-0.9996f,0.0273f,-0.0107f,0.0093f,0.0273f,0.9996f,0.0004f,0.75f,0.0108f,0.0001f,-0.9999f,-0.001f,0f,0f,0f,1f],start_interpolation: 0,interpolation_duration: 1}
$data merge entity $(bone_arm_right) {transformation: [-0.9902f,0.0945f,0.1025f,-0.1674f,0.0952f,0.9955f,0.0016f,0.6642f,-0.1019f,0.0113f,-0.9947f,-0.0169f,0f,0f,0f,1f],start_interpolation: 0,interpolation_duration: 1}
$data merge entity $(bone_arm_left) {transformation: [-0.9769f,-0.1383f,-0.1631f,0.1877f,-0.1388f,0.9903f,-0.0079f,0.6359f,0.1626f,0.0149f,-0.9866f,-0.0168f,0f,0f,0f,1f],start_interpolation: 0,interpolation_duration: 1}
$data merge entity $(bone_body) {transformation: [-1f,-0.0084f,0f,0.013f,-0.0084f,1f,-0.0023f,0.3125f,0f,-0.0023f,-1f,0f,0f,0f,0f,1f],start_interpolation: 0,interpolation_duration: 1}
$data merge entity $(bone_leg_left) {transformation: [-0.9923f,-0.0586f,0.1088f,0.0944f,-0.0584f,0.9983f,0.0055f,0.3118f,-0.1089f,-0.0009f,-0.9941f,-0.0004f,0f,0f,0f,1f],start_interpolation: 0,interpolation_duration: 1}
$data merge entity $(bone_leg_right) {transformation: [-0.9889f,0.059f,-0.1365f,-0.0935f,0.0585f,0.9983f,0.0078f,0.3121f,0.1367f,-0.0003f,-0.9906f,0f,0f,0f,0f,1f],start_interpolation: 0,interpolation_duration: 1}