# This file was generated by Animated Java via MC-Build. It is not recommended to edit this file directly.
$data merge entity $(bone_bone) {transformation: [-0.9987f,-0.0317f,0.0405f,-0.1321f,-0.0322f,0.9994f,-0.0117f,1.3004f,-0.0401f,-0.013f,-0.9991f,0.1818f,0f,0f,0f,1f],start_interpolation: 0,interpolation_duration: 1}
$data merge entity $(bone_hair) {transformation: [-0.9987f,-0.0317f,0.0405f,-0.0057f,-0.0322f,0.9994f,-0.0117f,1.4896f,-0.0401f,-0.013f,-0.9991f,-0.003f,0f,0f,0f,1f],start_interpolation: 0,interpolation_duration: 1}
$data merge entity $(bone_head) {transformation: [-0.9987f,-0.0317f,0.0405f,0.0181f,-0.0322f,0.9994f,-0.0117f,0.74f,-0.0401f,-0.013f,-0.9991f,0.0067f,0f,0f,0f,1f],start_interpolation: 0,interpolation_duration: 1}
$data merge entity $(bone_arm_right) {transformation: [-0.9771f,0.1221f,0.1741f,-0.1582f,0.126f,0.992f,0.0115f,0.6536f,-0.1713f,0.0331f,-0.9847f,-0.0107f,0f,0f,0f,1f],start_interpolation: 0,interpolation_duration: 1}
$data merge entity $(bone_arm_left) {transformation: [-0.9897f,-0.114f,-0.0863f,0.1971f,-0.116f,0.9931f,0.0188f,0.6272f,0.0835f,0.0286f,-0.9961f,-0.0112f,0f,0f,0f,1f],start_interpolation: 0,interpolation_duration: 1}
$data merge entity $(bone_body) {transformation: [-0.9999f,-0.0135f,-0.0002f,0.024f,-0.0135f,0.9998f,0.0154f,0.3026f,0f,0.0154f,-0.9999f,0f,0f,0f,0f,1f],start_interpolation: 0,interpolation_duration: 1}
$data merge entity $(bone_leg_left) {transformation: [-0.9937f,-0.0293f,0.1084f,0.1045f,-0.0278f,0.9995f,0.0157f,0.3121f,-0.1088f,0.0126f,-0.994f,0.0068f,0f,0f,0f,1f],start_interpolation: 0,interpolation_duration: 1}
$data merge entity $(bone_leg_right) {transformation: [-0.9901f,0.0892f,-0.1087f,-0.081f,0.0891f,0.996f,0.0053f,0.3109f,0.1087f,-0.0045f,-0.9941f,0f,0f,0f,0f,1f],start_interpolation: 0,interpolation_duration: 1}