# This file was generated by Animated Java via MC-Build. It is not recommended to edit this file directly.
$data merge entity $(bone_bone) {transformation: [-0.9982f,-0.0359f,0.0472f,-0.1338f,-0.0366f,0.9992f,-0.0131f,1.298f,-0.0467f,-0.0148f,-0.9988f,0.1813f,0f,0f,0f,1f],start_interpolation: 0,interpolation_duration: 1}
$data merge entity $(bone_hair) {transformation: [-0.9982f,-0.0359f,0.0472f,-0.0069f,-0.0366f,0.9992f,-0.0131f,1.4874f,-0.0467f,-0.0148f,-0.9988f,-0.0029f,0f,0f,0f,1f],start_interpolation: 0,interpolation_duration: 1}
$data merge entity $(bone_head) {transformation: [-0.9982f,-0.0359f,0.0472f,0.0201f,-0.0366f,0.9992f,-0.0131f,0.738f,-0.0467f,-0.0148f,-0.9988f,0.0082f,0f,0f,0f,1f],start_interpolation: 0,interpolation_duration: 1}
$data merge entity $(bone_arm_right) {transformation: [-0.9757f,0.1239f,0.1804f,-0.1562f,0.1285f,0.9916f,0.0139f,0.6515f,-0.1772f,0.0367f,-0.9835f,-0.0096f,0f,0f,0f,1f],start_interpolation: 0,interpolation_duration: 1}
$data merge entity $(bone_arm_left) {transformation: [-0.9904f,-0.1127f,-0.08f,0.1992f,-0.1149f,0.9931f,0.0226f,0.6254f,0.0769f,0.0316f,-0.9965f,-0.0102f,0f,0f,0f,1f],start_interpolation: 0,interpolation_duration: 1}
$data merge entity $(bone_body) {transformation: [-0.9999f,-0.0144f,-0.0003f,0.0264f,-0.0145f,0.9997f,0.0187f,0.3006f,0f,0.0187f,-0.9998f,0f,0f,0f,0f,1f],start_interpolation: 0,interpolation_duration: 1}
$data merge entity $(bone_leg_left) {transformation: [-0.9938f,-0.0239f,0.1084f,0.1067f,-0.0221f,0.9996f,0.0175f,0.312f,-0.1087f,0.015f,-0.994f,0.0082f,0f,0f,0f,1f],start_interpolation: 0,interpolation_duration: 1}
$data merge entity $(bone_leg_right) {transformation: [-0.9901f,0.0947f,-0.1036f,-0.0784f,0.0948f,0.9955f,0.0046f,0.3106f,0.1035f,-0.0052f,-0.9946f,0f,0f,0f,0f,1f],start_interpolation: 0,interpolation_duration: 1}