# This file was generated by Animated Java via MC-Build. It is not recommended to edit this file directly.
$data merge entity $(bone_ear_left) {transformation: [-0.9934f,-0.1145f,0f,0.1314f,-0.1142f,0.9906f,0.0747f,0.6115f,-0.0085f,0.0742f,-0.9972f,0.5052f,0f,0f,0f,1f],start_interpolation: 0,interpolation_duration: 1}
$data merge entity $(bone_ear_right) {transformation: [-0.9932f,0.1162f,0f,-0.1313f,0.1158f,0.9905f,0.0747f,0.6117f,0.0087f,0.0742f,-0.9972f,0.5052f,0f,0f,0f,1f],start_interpolation: 0,interpolation_duration: 1}
$data merge entity $(bone_head) {transformation: [-1f,0.0008f,0f,0f,0.0008f,0.9972f,0.0747f,0.6235f,0.0001f,0.0747f,-0.9972f,0.3753f,0f,0f,0f,1f],start_interpolation: 0,interpolation_duration: 1}
$data merge entity $(bone_tail) {transformation: [-1f,0f,0f,0f,0f,1f,-0.0099f,0.5849f,0f,-0.0099f,-1f,-0.3563f,0f,0f,0f,1f],start_interpolation: 0,interpolation_duration: 1}
$data merge entity $(bone_body) {transformation: [-1f,0f,0f,0f,0f,1f,-0.0099f,0.3978f,0f,-0.0099f,-1f,0.0087f,0f,0f,0f,1f],start_interpolation: 0,interpolation_duration: 1}
$data merge entity $(bone_leg_left) {transformation: [-1f,0f,0f,0.1875f,0f,1f,0f,0.247f,0f,0f,-1f,0.3125f,0f,0f,0f,1f],start_interpolation: 0,interpolation_duration: 1}
$data merge entity $(bone_leg_right) {transformation: [-1f,0f,0f,-0.1875f,0f,1f,0f,0.247f,0f,0f,-1f,0.3125f,0f,0f,0f,1f],start_interpolation: 0,interpolation_duration: 1}
$data merge entity $(bone_leg2_left) {transformation: [-1f,0f,0f,0.1875f,0f,1f,0f,0.1845f,0f,0f,-1f,-0.3125f,0f,0f,0f,1f],start_interpolation: 0,interpolation_duration: 1}
$data merge entity $(bone_leg2_right) {transformation: [-1f,0f,0f,-0.1875f,0f,1f,0f,0.1845f,0f,0f,-1f,-0.3125f,0f,0f,0f,1f],start_interpolation: 0,interpolation_duration: 1}