# This file was generated by Animated Java via MC-Build. It is not recommended to edit this file directly.
$data merge entity $(bone_ear_left) {transformation: [-0.9938f,0.1116f,-0.0006f,0.1315f,0.1095f,0.9754f,0.1913f,0.6346f,0.0219f,0.19f,-0.9815f,0.5061f,0f,0f,0f,1f],start_interpolation: 0,interpolation_duration: 1}
$data merge entity $(bone_ear_right) {transformation: [-0.9895f,-0.1447f,-0.0006f,-0.1312f,-0.1421f,0.9712f,0.1913f,0.6302f,-0.0271f,0.1894f,-0.9815f,0.5054f,0f,0f,0f,1f],start_interpolation: 0,interpolation_duration: 1}
$data merge entity $(bone_head) {transformation: [-0.9999f,-0.0167f,-0.0006f,0f,-0.0165f,0.9814f,0.1913f,0.6595f,-0.0026f,0.1913f,-0.9815f,0.3782f,0f,0f,0f,1f],start_interpolation: 0,interpolation_duration: 1}
$data merge entity $(bone_tail) {transformation: [-1f,0f,0f,0f,0f,0.9999f,0.0171f,0.6406f,0f,0.0171f,-0.9999f,-0.3542f,0f,0f,0f,1f],start_interpolation: 0,interpolation_duration: 1}
$data merge entity $(bone_body) {transformation: [-1f,0f,0f,0f,0f,0.9999f,0.0171f,0.4437f,0f,0.0171f,-0.9999f,0.0056f,0f,0f,0f,1f],start_interpolation: 0,interpolation_duration: 1}
$data merge entity $(bone_leg_left) {transformation: [-1f,0f,0f,0.1875f,0f,1f,0f,0.2495f,0f,0f,-1f,0.3125f,0f,0f,0f,1f],start_interpolation: 0,interpolation_duration: 1}
$data merge entity $(bone_leg_right) {transformation: [-1f,0f,0f,-0.1875f,0f,1f,0f,0.2495f,0f,0f,-1f,0.3125f,0f,0f,0f,1f],start_interpolation: 0,interpolation_duration: 1}
$data merge entity $(bone_leg2_left) {transformation: [-1f,0f,0f,0.1875f,0f,1f,0f,0.187f,0f,0f,-1f,-0.3125f,0f,0f,0f,1f],start_interpolation: 0,interpolation_duration: 1}
$data merge entity $(bone_leg2_right) {transformation: [-1f,0f,0f,-0.1875f,0f,1f,0f,0.187f,0f,0f,-1f,-0.3125f,0f,0f,0f,1f],start_interpolation: 0,interpolation_duration: 1}