# This file was generated by Animated Java via MC-Build. It is not recommended to edit this file directly.
$data merge entity $(bone_ear_left) {transformation: [-0.9954f,-0.0953f,-0.0001f,0.1314f,-0.095f,0.9919f,0.0849f,0.6466f,-0.008f,0.0845f,-0.9964f,0.4998f,0f,0f,0f,1f],start_interpolation: 0,interpolation_duration: 1}
$data merge entity $(bone_ear_right) {transformation: [-0.9952f,0.0975f,-0.0001f,-0.1313f,0.0971f,0.9916f,0.0849f,0.6469f,0.0083f,0.0845f,-0.9964f,0.4998f,0f,0f,0f,1f],start_interpolation: 0,interpolation_duration: 1}
$data merge entity $(bone_head) {transformation: [-1f,0.0011f,-0.0001f,0f,0.0011f,0.9964f,0.0849f,0.66f,0.0001f,0.0849f,-0.9964f,0.3701f,0f,0f,0f,1f],start_interpolation: 0,interpolation_duration: 1}
$data merge entity $(bone_tail) {transformation: [-1f,0f,0f,0f,0f,1f,-0.0085f,0.6224f,0f,-0.0085f,-1f,-0.3616f,0f,0f,0f,1f],start_interpolation: 0,interpolation_duration: 1}
$data merge entity $(bone_body) {transformation: [-1f,0f,0f,0f,0f,1f,-0.0085f,0.4348f,0f,-0.0085f,-1f,0.0031f,0f,0f,0f,1f],start_interpolation: 0,interpolation_duration: 1}
$data merge entity $(bone_leg_left) {transformation: [-1f,0f,0f,0.1875f,0f,1f,0f,0.2488f,0f,0f,-1f,0.3125f,0f,0f,0f,1f],start_interpolation: 0,interpolation_duration: 1}
$data merge entity $(bone_leg_right) {transformation: [-1f,0f,0f,-0.1875f,0f,1f,0f,0.2488f,0f,0f,-1f,0.3125f,0f,0f,0f,1f],start_interpolation: 0,interpolation_duration: 1}
$data merge entity $(bone_leg2_left) {transformation: [-1f,0f,0f,0.1875f,0f,1f,0f,0.1863f,0f,0f,-1f,-0.3125f,0f,0f,0f,1f],start_interpolation: 0,interpolation_duration: 1}
$data merge entity $(bone_leg2_right) {transformation: [-1f,0f,0f,-0.1875f,0f,1f,0f,0.1863f,0f,0f,-1f,-0.3125f,0f,0f,0f,1f],start_interpolation: 0,interpolation_duration: 1}