# This file was generated by Animated Java via MC-Build. It is not recommended to edit this file directly.
$data merge entity $(bone_ear_left) {transformation: [-0.9998f,0.0093f,0.0168f,0.1314f,0.0098f,0.9994f,0.0321f,0.8368f,-0.0164f,0.0322f,-0.9993f,0.3936f,0f,0f,0f,1f],start_interpolation: 0,interpolation_duration: 1}
$data merge entity $(bone_ear_right) {transformation: [-0.9998f,-0.0093f,-0.0168f,-0.1313f,-0.0098f,0.9994f,0.0321f,0.8368f,0.0164f,0.0322f,-0.9993f,0.3936f,0f,0f,0f,1f],start_interpolation: 0,interpolation_duration: 1}
$data merge entity $(bone_head) {transformation: [-1f,0f,0f,0f,0f,0.9996f,0.0294f,0.6518f,0f,0.0294f,-0.9996f,0.3828f,0f,0f,0f,1f],start_interpolation: 0,interpolation_duration: 1}
$data merge entity $(bone_bone) {transformation: [-1f,0f,0f,0f,0f,0.9998f,0.0213f,0.2341f,0f,0.0213f,-0.9998f,-0.12f,0f,0f,0f,1f],start_interpolation: 0,interpolation_duration: 1}
$data merge entity $(bone_tail) {transformation: [-1f,0f,0f,0f,0f,0.9998f,0.0213f,0.636f,0f,0.0213f,-0.9998f,-0.3496f,0f,0f,0f,1f],start_interpolation: 0,interpolation_duration: 1}
$data merge entity $(bone_body) {transformation: [-1f,0f,0f,0f,0f,0.9998f,0.0213f,0.4376f,0f,0.0213f,-0.9998f,0.0093f,0f,0f,0f,1f],start_interpolation: 0,interpolation_duration: 1}
$data merge entity $(bone_leg_left) {transformation: [-1f,0f,0f,0.1875f,0f,0.9483f,-0.3173f,0.2503f,0f,-0.3173f,-0.9483f,0.316f,0f,0f,0f,1f],start_interpolation: 0,interpolation_duration: 1}
$data merge entity $(bone_leg_right) {transformation: [-1f,0f,0f,-0.1875f,0f,0.9333f,0.359f,0.2396f,0f,0.359f,-0.9333f,0.3168f,0f,0f,0f,1f],start_interpolation: 0,interpolation_duration: 1}
$data merge entity $(bone_leg2_left) {transformation: [-1f,0f,0f,0.1875f,0f,1f,-0.0041f,0.2564f,0f,-0.0041f,-1f,-0.289f,0f,0f,0f,1f],start_interpolation: 0,interpolation_duration: 1}
$data merge entity $(bone_leg2_right) {transformation: [-1f,0f,0f,-0.1875f,0f,0.9972f,-0.0744f,0.3064f,0f,-0.0744f,-0.9972f,-0.2678f,0f,0f,0f,1f],start_interpolation: 0,interpolation_duration: 1}