# This file was generated by Animated Java via MC-Build. It is not recommended to edit this file directly.
$data merge entity $(bone_ear_left) {transformation: [-0.9876f,0.0683f,0.1417f,0.1314f,0.0765f,0.9956f,0.0538f,0.8457f,-0.1374f,0.064f,-0.9884f,0.3823f,0f,0f,0f,1f],start_interpolation: 0,interpolation_duration: 1}
$data merge entity $(bone_ear_right) {transformation: [-0.9876f,-0.0683f,-0.1417f,-0.1313f,-0.0765f,0.9956f,0.0538f,0.8457f,0.1374f,0.064f,-0.9884f,0.3823f,0f,0f,0f,1f],start_interpolation: 0,interpolation_duration: 1}
$data merge entity $(bone_head) {transformation: [-1f,0f,0f,0f,0f,0.999f,0.0436f,0.6608f,0f,0.0436f,-0.999f,0.3688f,0f,0f,0f,1f],start_interpolation: 0,interpolation_duration: 1}
$data merge entity $(bone_bone) {transformation: [-1f,0f,0f,0f,0f,1f,0f,0.2325f,0f,0f,-1f,-0.125f,0f,0f,0f,1f],start_interpolation: 0,interpolation_duration: 1}
$data merge entity $(bone_tail) {transformation: [-1f,0f,0f,0f,0f,1f,0f,0.6295f,0f,0f,-1f,-0.3631f,0f,0f,0f,1f],start_interpolation: 0,interpolation_duration: 1}
$data merge entity $(bone_body) {transformation: [-1f,0f,0f,0f,0f,1f,0f,0.4388f,0f,0f,-1f,0f,0f,0f,0f,1f],start_interpolation: 0,interpolation_duration: 1}
$data merge entity $(bone_leg_left) {transformation: [-1f,0f,0f,0.1875f,0f,0.9659f,0.2588f,0.2331f,0f,0.2588f,-0.9659f,0.2981f,0f,0f,0f,1f],start_interpolation: 0,interpolation_duration: 1}
$data merge entity $(bone_leg_right) {transformation: [-1f,0f,0f,-0.1875f,0f,0.9659f,-0.2588f,0.2706f,0f,-0.2588f,-0.9659f,0.315f,0f,0f,0f,1f],start_interpolation: 0,interpolation_duration: 1}
$data merge entity $(bone_leg2_left) {transformation: [-1f,0f,0f,0.1875f,0f,0.9961f,0.0884f,0.2781f,0f,0.0884f,-0.9961f,-0.3f,0f,0f,0f,1f],start_interpolation: 0,interpolation_duration: 1}
$data merge entity $(bone_leg2_right) {transformation: [-1f,0f,0f,-0.1875f,0f,0.9998f,-0.0176f,0.2531f,0f,-0.0176f,-0.9998f,-0.2363f,0f,0f,0f,1f],start_interpolation: 0,interpolation_duration: 1}