# This file was generated by Animated Java via MC-Build. It is not recommended to edit this file directly.
$data merge entity $(bone_bone) {transformation: [-1f,0f,0f,-0.1519f,0f,0.9996f,-0.0285f,2.0018f,0f,-0.0285f,-0.9996f,0.2997f,0f,0f,0f,1f],start_interpolation: 0,interpolation_duration: 1}
$data merge entity $(bone_head) {transformation: [-1f,0f,0f,0f,0f,0.9996f,-0.0285f,1.4488f,0f,-0.0285f,-0.9996f,0.034f,0f,0f,0f,1f],start_interpolation: 0,interpolation_duration: 1}
$data merge entity $(bone_arm_right) {transformation: [-0.956f,0.077f,0.2829f,-0.3125f,0.0899f,0.9954f,0.0329f,1.3865f,-0.2791f,0.0569f,-0.9586f,0.0296f,0f,0f,0f,1f],start_interpolation: 0,interpolation_duration: 1}
$data merge entity $(bone_arm_left) {transformation: [-0.9579f,-0.075f,-0.277f,0.3125f,-0.0929f,0.9943f,0.052f,1.3865f,0.2715f,0.0756f,-0.9595f,0.0296f,0f,0f,0f,1f],start_interpolation: 0,interpolation_duration: 1}
$data merge entity $(bone_body) {transformation: [-1f,0f,0f,0f,0f,0.9975f,0.0708f,0.7007f,0f,0.0708f,-0.9975f,-0.019f,0f,0f,0f,1f],start_interpolation: 0,interpolation_duration: 1}
$data merge entity $(bone_leg_left) {transformation: [-1f,0f,0f,0.125f,0f,1f,0.0089f,0.6811f,0f,0.0089f,-1f,0.0032f,0f,0f,0f,1f],start_interpolation: 0,interpolation_duration: 1}
$data merge entity $(bone_leg_right) {transformation: [-1f,0f,0f,-0.125f,0f,1f,0.0089f,0.6811f,0f,0.0089f,-1f,0.0032f,0f,0f,0f,1f],start_interpolation: 0,interpolation_duration: 1}