# This file was generated by Animated Java via MC-Build. It is not recommended to edit this file directly.
$data merge entity $(bone_bone) {transformation: [-1f,0f,0f,-0.1519f,0f,0.9999f,-0.0144f,1.9972f,0f,-0.0144f,-0.9999f,0.309f,0f,0f,0f,1f],start_interpolation: 0,interpolation_duration: 1}
$data merge entity $(bone_head) {transformation: [-1f,0f,0f,0f,0f,0.9999f,-0.0144f,1.4481f,0f,-0.0144f,-0.9999f,0.0356f,0f,0f,0f,1f],start_interpolation: 0,interpolation_duration: 1}
$data merge entity $(bone_arm_right) {transformation: [-0.9567f,0.0751f,0.2812f,-0.3125f,0.0925f,0.9945f,0.0491f,1.3857f,-0.2759f,0.073f,-0.9584f,0.031f,0f,0f,0f,1f],start_interpolation: 0,interpolation_duration: 1}
$data merge entity $(bone_arm_left) {transformation: [-0.9575f,-0.0743f,-0.2788f,0.3125f,-0.0937f,0.994f,0.0567f,1.3857f,0.2729f,0.0804f,-0.9587f,0.031f,0f,0f,0f,1f],start_interpolation: 0,interpolation_duration: 1}
$data merge entity $(bone_body) {transformation: [-1f,0f,0f,0f,0f,0.9973f,0.0732f,0.7001f,0f,0.0732f,-0.9973f,-0.0193f,0f,0f,0f,1f],start_interpolation: 0,interpolation_duration: 1}
$data merge entity $(bone_leg_left) {transformation: [-1f,0f,0f,0.125f,0f,1f,0.009f,0.681f,0f,0.009f,-1f,0.0032f,0f,0f,0f,1f],start_interpolation: 0,interpolation_duration: 1}
$data merge entity $(bone_leg_right) {transformation: [-1f,0f,0f,-0.125f,0f,1f,0.009f,0.681f,0f,0.009f,-1f,0.0032f,0f,0f,0f,1f],start_interpolation: 0,interpolation_duration: 1}