# This file was generated by Animated Java via MC-Build. It is not recommended to edit this file directly.
$data merge entity $(bone_ear_left) {transformation: [-0.9981f,0.0332f,0.0518f,0.1314f,0.0428f,0.9797f,0.1961f,0.8376f,-0.0442f,0.1979f,-0.9792f,0.3847f,0f,0f,0f,1f],start_interpolation: 0,interpolation_duration: 1}
$data merge entity $(bone_ear_right) {transformation: [-0.9981f,-0.0332f,-0.0518f,-0.1314f,-0.0428f,0.9797f,0.1961f,0.8376f,0.0442f,0.1979f,-0.9792f,0.3847f,0f,0f,0f,1f],start_interpolation: 0,interpolation_duration: 1}
$data merge entity $(bone_head) {transformation: [-1f,0f,0f,0f,0f,0.9821f,0.1881f,0.6567f,0f,0.1881f,-0.9821f,0.3446f,0f,0f,0f,1f],start_interpolation: 0,interpolation_duration: 1}
$data merge entity $(bone_bone) {transformation: [-1f,0f,0f,0f,0f,0.9999f,0.0107f,0.2333f,0f,0.0107f,-0.9999f,-0.1225f,0f,0f,0f,1f],start_interpolation: 0,interpolation_duration: 1}
$data merge entity $(bone_tail) {transformation: [-1f,0f,0f,0f,0f,0.9999f,0.0107f,0.6327f,0f,0.0107f,-0.9999f,-0.3564f,0f,0f,0f,1f],start_interpolation: 0,interpolation_duration: 1}
$data merge entity $(bone_body) {transformation: [-1f,0f,0f,0f,0f,0.9999f,0.0107f,0.4382f,0f,0.0107f,-0.9999f,0.0047f,0f,0f,0f,1f],start_interpolation: 0,interpolation_duration: 1}
$data merge entity $(bone_leg_left) {transformation: [-1f,0f,0f,0.1875f,0f,0.9804f,0.1968f,0.2615f,0f,0.1968f,-0.9804f,0.3187f,0f,0f,0f,1f],start_interpolation: 0,interpolation_duration: 1}
$data merge entity $(bone_leg_right) {transformation: [-1f,0f,0f,-0.1875f,0f,0.9856f,-0.1692f,0.2455f,0f,-0.1692f,-0.9856f,0.3296f,0f,0f,0f,1f],start_interpolation: 0,interpolation_duration: 1}
$data merge entity $(bone_leg2_left) {transformation: [-1f,0f,0f,0.1875f,0f,0.9733f,-0.2294f,0.2885f,0f,-0.2294f,-0.9733f,-0.2441f,0f,0f,0f,1f],start_interpolation: 0,interpolation_duration: 1}
$data merge entity $(bone_leg2_right) {transformation: [-1f,0f,0f,-0.1875f,0f,0.9927f,0.1203f,0.2524f,0f,0.1203f,-0.9927f,-0.325f,0f,0f,0f,1f],start_interpolation: 0,interpolation_duration: 1}