# This file was generated by Animated Java via MC-Build. It is not recommended to edit this file directly.
$data merge entity $(bone_ear_left) {transformation: [-0.9593f,0.1222f,0.2545f,0.1314f,0.1784f,0.9611f,0.211f,0.8513f,-0.2188f,0.2478f,-0.9438f,0.3648f,0f,0f,0f,1f],start_interpolation: 0,interpolation_duration: 1}
$data merge entity $(bone_ear_right) {transformation: [-0.9593f,-0.1222f,-0.2545f,-0.1314f,-0.1784f,0.9611f,0.211f,0.8513f,0.2188f,0.2478f,-0.9438f,0.3648f,0f,0f,0f,1f],start_interpolation: 0,interpolation_duration: 1}
$data merge entity $(bone_head) {transformation: [-1f,0f,0f,0f,0f,0.9772f,0.2122f,0.6713f,0f,0.2122f,-0.9772f,0.3202f,0f,0f,0f,1f],start_interpolation: 0,interpolation_duration: 1}
$data merge entity $(bone_bone) {transformation: [-1f,0f,0f,0f,0f,0.9997f,-0.0262f,0.231f,0f,-0.0262f,-0.9997f,-0.131f,0f,0f,0f,1f],start_interpolation: 0,interpolation_duration: 1}
$data merge entity $(bone_tail) {transformation: [-1f,0f,0f,0f,0f,0.9997f,-0.0262f,0.6216f,0f,-0.0262f,-0.9997f,-0.3794f,0f,0f,0f,1f],start_interpolation: 0,interpolation_duration: 1}
$data merge entity $(bone_body) {transformation: [-1f,0f,0f,0f,0f,0.9997f,-0.0262f,0.4405f,0f,-0.0262f,-0.9997f,-0.0115f,0f,0f,0f,1f],start_interpolation: 0,interpolation_duration: 1}
$data merge entity $(bone_leg_left) {transformation: [-1f,0f,0f,0.1875f,0f,0.9799f,-0.1994f,0.2958f,0f,-0.1994f,-0.9799f,0.3118f,0f,0f,0f,1f],start_interpolation: 0,interpolation_duration: 1}
$data merge entity $(bone_leg_right) {transformation: [-1f,0f,0f,-0.1875f,0f,0.989f,0.1478f,0.2487f,0f,0.1478f,-0.989f,0.3062f,0f,0f,0f,1f],start_interpolation: 0,interpolation_duration: 1}
$data merge entity $(bone_leg2_left) {transformation: [-1f,0f,0f,0.1875f,0f,0.9231f,-0.3846f,0.2333f,0f,-0.3846f,-0.9231f,-0.2367f,0f,0f,0f,1f],start_interpolation: 0,interpolation_duration: 1}
$data merge entity $(bone_leg2_right) {transformation: [-1f,0f,0f,-0.1875f,0f,0.949f,0.3153f,0.2475f,0f,0.3153f,-0.949f,-0.3359f,0f,0f,0f,1f],start_interpolation: 0,interpolation_duration: 1}