# This file was generated by Animated Java via MC-Build. It is not recommended to edit this file directly.
$data merge entity $(bone_ear_left) {transformation: [-0.9961f,0.0364f,0.0799f,0.1314f,0.0515f,0.9794f,0.1952f,0.8376f,-0.0712f,0.1986f,-0.9775f,0.3847f,0f,0f,0f,1f],start_interpolation: 0,interpolation_duration: 1}
$data merge entity $(bone_ear_right) {transformation: [-0.9961f,-0.0364f,-0.0799f,-0.1314f,-0.0515f,0.9794f,0.1952f,0.8376f,0.0712f,0.1986f,-0.9775f,0.3847f,0f,0f,0f,1f],start_interpolation: 0,interpolation_duration: 1}
$data merge entity $(bone_head) {transformation: [-1f,0f,0f,0f,0f,0.9821f,0.1881f,0.6567f,0f,0.1881f,-0.9821f,0.3446f,0f,0f,0f,1f],start_interpolation: 0,interpolation_duration: 1}
$data merge entity $(bone_bone) {transformation: [-1f,0f,0f,0f,0f,0.9999f,0.0107f,0.2333f,0f,0.0107f,-0.9999f,-0.1225f,0f,0f,0f,1f],start_interpolation: 0,interpolation_duration: 1}
$data merge entity $(bone_tail) {transformation: [-1f,0f,0f,0f,0f,0.9999f,0.0107f,0.6327f,0f,0.0107f,-0.9999f,-0.3564f,0f,0f,0f,1f],start_interpolation: 0,interpolation_duration: 1}
$data merge entity $(bone_body) {transformation: [-1f,0f,0f,0f,0f,0.9999f,0.0107f,0.4382f,0f,0.0107f,-0.9999f,0.0047f,0f,0f,0f,1f],start_interpolation: 0,interpolation_duration: 1}
$data merge entity $(bone_leg_left) {transformation: [-1f,-0.0027f,0f,0.1875f,-0.0027f,0.9836f,-0.1803f,0.2356f,0.0005f,-0.1803f,-0.9836f,0.3389f,0f,0f,0f,1f],start_interpolation: 0,interpolation_duration: 1}
$data merge entity $(bone_leg_right) {transformation: [-1f,0f,0f,-0.1875f,0f,0.9804f,0.1968f,0.2607f,0f,0.1968f,-0.9804f,0.3178f,0f,0f,0f,1f],start_interpolation: 0,interpolation_duration: 1}
$data merge entity $(bone_leg2_left) {transformation: [-1f,0f,0f,0.1875f,0f,0.9925f,0.1225f,0.2494f,0f,0.1225f,-0.9925f,-0.3243f,0f,0f,0f,1f],start_interpolation: 0,interpolation_duration: 1}
$data merge entity $(bone_leg2_right) {transformation: [-1f,0f,0f,-0.1875f,0f,0.9733f,-0.2294f,0.2879f,0f,-0.2294f,-0.9733f,-0.2451f,0f,0f,0f,1f],start_interpolation: 0,interpolation_duration: 1}