# This file was generated by Animated Java via MC-Build. It is not recommended to edit this file directly.
$data merge entity $(bone_ear_left) {transformation: [-0.9777f,0.0923f,0.1888f,0.1314f,0.1318f,0.969f,0.209f,0.8455f,-0.1637f,0.2292f,-0.9595f,0.3732f,0f,0f,0f,1f],start_interpolation: 0,interpolation_duration: 1}
$data merge entity $(bone_ear_right) {transformation: [-0.9777f,-0.0923f,-0.1888f,-0.1314f,-0.1318f,0.969f,0.209f,0.8455f,0.1637f,0.2292f,-0.9595f,0.3732f,0f,0f,0f,1f],start_interpolation: 0,interpolation_duration: 1}
$data merge entity $(bone_head) {transformation: [-1f,0f,0f,0f,0f,0.9794f,0.2021f,0.6651f,0f,0.2021f,-0.9794f,0.3305f,0f,0f,0f,1f],start_interpolation: 0,interpolation_duration: 1}
$data merge entity $(bone_bone) {transformation: [-1f,0f,0f,0f,0f,0.9999f,-0.0107f,0.2319f,0f,-0.0107f,-0.9999f,-0.1275f,0f,0f,0f,1f],start_interpolation: 0,interpolation_duration: 1}
$data merge entity $(bone_tail) {transformation: [-1f,0f,0f,0f,0f,0.9999f,-0.0107f,0.6263f,0f,-0.0107f,-0.9999f,-0.3698f,0f,0f,0f,1f],start_interpolation: 0,interpolation_duration: 1}
$data merge entity $(bone_body) {transformation: [-1f,0f,0f,0f,0f,0.9999f,-0.0107f,0.4394f,0f,-0.0107f,-0.9999f,-0.0047f,0f,0f,0f,1f],start_interpolation: 0,interpolation_duration: 1}
$data merge entity $(bone_leg_left) {transformation: [-1f,0f,0f,0.1875f,0f,0.969f,-0.2472f,0.2821f,0f,-0.2472f,-0.969f,0.3131f,0f,0f,0f,1f],start_interpolation: 0,interpolation_duration: 1}
$data merge entity $(bone_leg_right) {transformation: [-1f,0f,0f,-0.1875f,0f,0.9741f,0.2262f,0.2444f,0f,0.2262f,-0.9741f,0.3078f,0f,0f,0f,1f],start_interpolation: 0,interpolation_duration: 1}
$data merge entity $(bone_leg2_left) {transformation: [-1f,0f,0f,0.1875f,0f,0.983f,-0.1837f,0.2415f,0f,-0.1837f,-0.983f,-0.2442f,0f,0f,0f,1f],start_interpolation: 0,interpolation_duration: 1}
$data merge entity $(bone_leg2_right) {transformation: [-1f,0f,0f,-0.1875f,0f,0.9838f,0.179f,0.2711f,0f,0.179f,-0.9838f,-0.3138f,0f,0f,0f,1f],start_interpolation: 0,interpolation_duration: 1}