# This file was generated by Animated Java via MC-Build. It is not recommended to edit this file directly.
$data merge entity $(bone_ear_left) {transformation: [-0.99f,0.0632f,0.1263f,0.1314f,0.0884f,0.9748f,0.2047f,0.8415f,-0.1102f,0.2138f,-0.9706f,0.379f,0f,0f,0f,1f],start_interpolation: 0,interpolation_duration: 1}
$data merge entity $(bone_ear_right) {transformation: [-0.99f,-0.0632f,-0.1263f,-0.1314f,-0.0884f,0.9748f,0.2047f,0.8415f,0.1102f,0.2138f,-0.9706f,0.379f,0f,0f,0f,1f],start_interpolation: 0,interpolation_duration: 1}
$data merge entity $(bone_head) {transformation: [-1f,0f,0f,0f,0f,0.9808f,0.1951f,0.6608f,0f,0.1951f,-0.9808f,0.3376f,0f,0f,0f,1f],start_interpolation: 0,interpolation_duration: 1}
$data merge entity $(bone_bone) {transformation: [-1f,0f,0f,0f,0f,1f,0f,0.2325f,0f,0f,-1f,-0.125f,0f,0f,0f,1f],start_interpolation: 0,interpolation_duration: 1}
$data merge entity $(bone_tail) {transformation: [-1f,0f,0f,0f,0f,1f,0f,0.6295f,0f,0f,-1f,-0.3631f,0f,0f,0f,1f],start_interpolation: 0,interpolation_duration: 1}
$data merge entity $(bone_body) {transformation: [-1f,0f,0f,0f,0f,1f,0f,0.4388f,0f,0f,-1f,0f,0f,0f,0f,1f],start_interpolation: 0,interpolation_duration: 1}
$data merge entity $(bone_leg_left) {transformation: [-1f,0f,0f,0.1875f,0f,0.9659f,-0.2588f,0.2719f,0f,-0.2588f,-0.9659f,0.3144f,0f,0f,0f,1f],start_interpolation: 0,interpolation_duration: 1}
$data merge entity $(bone_leg_right) {transformation: [-1f,0f,0f,-0.1875f,0f,0.9659f,0.2588f,0.2425f,0f,0.2588f,-0.9659f,0.3106f,0f,0f,0f,1f],start_interpolation: 0,interpolation_duration: 1}
$data merge entity $(bone_leg2_left) {transformation: [-1f,0f,0f,0.1875f,0f,0.9969f,-0.0786f,0.2481f,0f,-0.0786f,-0.9969f,-0.2531f,0f,0f,0f,1f],start_interpolation: 0,interpolation_duration: 1}
$data merge entity $(bone_leg2_right) {transformation: [-1f,0f,0f,-0.1875f,0f,0.9961f,0.0884f,0.2837f,0f,0.0884f,-0.9961f,-0.2994f,0f,0f,0f,1f],start_interpolation: 0,interpolation_duration: 1}