# This file was generated by Animated Java via MC-Build. It is not recommended to edit this file directly.
$data merge entity $(bone_ear_left) {transformation: [-0.9974f,0.0331f,0.0638f,0.1314f,0.045f,0.9797f,0.1956f,0.8376f,-0.0561f,0.1979f,-0.9786f,0.3847f,0f,0f,0f,1f],start_interpolation: 0,interpolation_duration: 1}
$data merge entity $(bone_ear_right) {transformation: [-0.9974f,-0.0331f,-0.0638f,-0.1314f,-0.045f,0.9797f,0.1956f,0.8376f,0.0561f,0.1979f,-0.9786f,0.3847f,0f,0f,0f,1f],start_interpolation: 0,interpolation_duration: 1}
$data merge entity $(bone_head) {transformation: [-1f,0f,0f,0f,0f,0.9821f,0.1881f,0.6567f,0f,0.1881f,-0.9821f,0.3446f,0f,0f,0f,1f],start_interpolation: 0,interpolation_duration: 1}
$data merge entity $(bone_bone) {transformation: [-1f,0f,0f,0f,0f,0.9999f,0.0107f,0.2333f,0f,0.0107f,-0.9999f,-0.1225f,0f,0f,0f,1f],start_interpolation: 0,interpolation_duration: 1}
$data merge entity $(bone_tail) {transformation: [-1f,0f,0f,0f,0f,0.9999f,0.0107f,0.6327f,0f,0.0107f,-0.9999f,-0.3564f,0f,0f,0f,1f],start_interpolation: 0,interpolation_duration: 1}
$data merge entity $(bone_body) {transformation: [-1f,0f,0f,0f,0f,0.9999f,0.0107f,0.4382f,0f,0.0107f,-0.9999f,0.0047f,0f,0f,0f,1f],start_interpolation: 0,interpolation_duration: 1}
$data merge entity $(bone_leg_left) {transformation: [-1f,0f,0f,0.1875f,0f,0.9576f,-0.2882f,0.2614f,0f,-0.2882f,-0.9576f,0.3151f,0f,0f,0f,1f],start_interpolation: 0,interpolation_duration: 1}
$data merge entity $(bone_leg_right) {transformation: [-1f,0f,0f,-0.1875f,0f,0.951f,0.3093f,0.2407f,0f,0.3093f,-0.951f,0.3135f,0f,0f,0f,1f],start_interpolation: 0,interpolation_duration: 1}
$data merge entity $(bone_leg2_left) {transformation: [-1f,0f,0f,0.1875f,0f,0.9996f,-0.0297f,0.2524f,0f,-0.0297f,-0.9996f,-0.2691f,0f,0f,0f,1f],start_interpolation: 0,interpolation_duration: 1}
$data merge entity $(bone_leg2_right) {transformation: [-1f,0f,0f,-0.1875f,0f,1f,0.007f,0.2957f,0f,0.007f,-1f,-0.284f,0f,0f,0f,1f],start_interpolation: 0,interpolation_duration: 1}