# This file was generated by Animated Java via MC-Build. It is not recommended to edit this file directly.
$data merge entity $(bone_ear_left) {transformation: [-0.9705f,0.0982f,0.2204f,0.1314f,0.1444f,0.9682f,0.2044f,0.8455f,-0.1933f,0.2302f,-0.9537f,0.3732f,0f,0f,0f,1f],start_interpolation: 0,interpolation_duration: 1}
$data merge entity $(bone_ear_right) {transformation: [-0.9705f,-0.0982f,-0.2204f,-0.1314f,-0.1444f,0.9682f,0.2044f,0.8455f,0.1933f,0.2302f,-0.9537f,0.3732f,0f,0f,0f,1f],start_interpolation: 0,interpolation_duration: 1}
$data merge entity $(bone_head) {transformation: [-1f,0f,0f,0f,0f,0.9794f,0.2021f,0.6651f,0f,0.2021f,-0.9794f,0.3305f,0f,0f,0f,1f],start_interpolation: 0,interpolation_duration: 1}
$data merge entity $(bone_bone) {transformation: [-1f,0f,0f,0f,0f,0.9999f,-0.0107f,0.2319f,0f,-0.0107f,-0.9999f,-0.1275f,0f,0f,0f,1f],start_interpolation: 0,interpolation_duration: 1}
$data merge entity $(bone_tail) {transformation: [-1f,0f,0f,0f,0f,0.9999f,-0.0107f,0.6263f,0f,-0.0107f,-0.9999f,-0.3698f,0f,0f,0f,1f],start_interpolation: 0,interpolation_duration: 1}
$data merge entity $(bone_body) {transformation: [-1f,0f,0f,0f,0f,0.9999f,-0.0107f,0.4394f,0f,-0.0107f,-0.9999f,-0.0047f,0f,0f,0f,1f],start_interpolation: 0,interpolation_duration: 1}
$data merge entity $(bone_leg_left) {transformation: [-0.9999f,0.0123f,0.0014f,0.1876f,0.0121f,0.9969f,-0.0775f,0.2378f,-0.0023f,-0.0774f,-0.997f,0.3338f,0f,0f,0f,1f],start_interpolation: 0,interpolation_duration: 1}
$data merge entity $(bone_leg_right) {transformation: [-1f,0f,0f,-0.1875f,0f,0.9999f,-0.0171f,0.2816f,0f,-0.0171f,-0.9999f,0.3147f,0f,0f,0f,1f],start_interpolation: 0,interpolation_duration: 1}
$data merge entity $(bone_leg2_left) {transformation: [-1f,0f,0f,0.1875f,0f,0.9721f,0.2344f,0.24f,0f,0.2344f,-0.9721f,-0.3354f,0f,0f,0f,1f],start_interpolation: 0,interpolation_duration: 1}
$data merge entity $(bone_leg2_right) {transformation: [-1f,0f,0f,-0.1875f,0f,0.9461f,-0.3238f,0.2578f,0f,-0.3238f,-0.9461f,-0.24f,0f,0f,0f,1f],start_interpolation: 0,interpolation_duration: 1}