# This file was generated by Animated Java via MC-Build. It is not recommended to edit this file directly.
$data merge entity $(bone_ear_left) {transformation: [-0.9553f,0.1204f,0.2699f,0.1314f,0.179f,0.9624f,0.2041f,0.8495f,-0.2351f,0.2433f,-0.941f,0.3674f,0f,0f,0f,1f],start_interpolation: 0,interpolation_duration: 1}
$data merge entity $(bone_ear_right) {transformation: [-0.9553f,-0.1204f,-0.2699f,-0.1314f,-0.179f,0.9624f,0.2041f,0.8495f,0.2351f,0.2433f,-0.941f,0.3674f,0f,0f,0f,1f],start_interpolation: 0,interpolation_duration: 1}
$data merge entity $(bone_head) {transformation: [-1f,0f,0f,0f,0f,0.9779f,0.209f,0.6694f,0f,0.209f,-0.9779f,0.3234f,0f,0f,0f,1f],start_interpolation: 0,interpolation_duration: 1}
$data merge entity $(bone_bone) {transformation: [-1f,0f,0f,0f,0f,0.9998f,-0.0213f,0.2313f,0f,-0.0213f,-0.9998f,-0.1299f,0f,0f,0f,1f],start_interpolation: 0,interpolation_duration: 1}
$data merge entity $(bone_tail) {transformation: [-1f,0f,0f,0f,0f,0.9998f,-0.0213f,0.6231f,0f,-0.0213f,-0.9998f,-0.3764f,0f,0f,0f,1f],start_interpolation: 0,interpolation_duration: 1}
$data merge entity $(bone_body) {transformation: [-1f,0f,0f,0f,0f,0.9998f,-0.0213f,0.4402f,0f,-0.0213f,-0.9998f,-0.0093f,0f,0f,0f,1f],start_interpolation: 0,interpolation_duration: 1}
$data merge entity $(bone_leg_left) {transformation: [-0.9996f,0.0278f,0.0075f,0.1877f,0.0283f,0.9975f,0.0651f,0.2397f,-0.0057f,0.0653f,-0.9978f,0.2992f,0f,0f,0f,1f],start_interpolation: 0,interpolation_duration: 1}
$data merge entity $(bone_leg_right) {transformation: [-1f,0f,0f,-0.1875f,0f,0.9718f,-0.2356f,0.2912f,0f,-0.2356f,-0.9718f,0.3123f,0f,0f,0f,1f],start_interpolation: 0,interpolation_duration: 1}
$data merge entity $(bone_leg2_left) {transformation: [-1f,0f,0f,0.1875f,0f,0.9634f,0.2682f,0.2484f,0f,0.2682f,-0.9634f,-0.3288f,0f,0f,0f,1f],start_interpolation: 0,interpolation_duration: 1}
$data merge entity $(bone_leg2_right) {transformation: [-1f,0f,0f,-0.1875f,0f,0.9571f,-0.2897f,0.2361f,0f,-0.2897f,-0.9571f,-0.2336f,0f,0f,0f,1f],start_interpolation: 0,interpolation_duration: 1}