# This file was generated by Animated Java via MC-Build. It is not recommended to edit this file directly.
$data merge entity $(bone_hair) {transformation: [-0.999f,0.042f,-0.013f,0.0182f,0.042f,0.9991f,0.0016f,1.3723f,0.0131f,0.001f,-0.9999f,0.0016f,0f,0f,0f,1f],start_interpolation: 0,interpolation_duration: 1}
$data merge entity $(bone_head) {transformation: [-0.999f,0.042f,-0.013f,0.0103f,0.042f,0.9991f,0.0016f,1.1849f,0.0131f,0.001f,-0.9999f,0.0014f,0f,0f,0f,1f],start_interpolation: 0,interpolation_duration: 1}
$data merge entity $(bone_arm_right) {transformation: [-0.9924f,0.086f,0.0881f,-0.2911f,0.0869f,0.9962f,0.0072f,1.0665f,-0.0871f,0.0148f,-0.9961f,-0.0151f,0f,0f,0f,1f],start_interpolation: 0,interpolation_duration: 1}
$data merge entity $(bone_arm_left) {transformation: [-0.9725f,-0.147f,-0.1808f,0.3139f,-0.1483f,0.9889f,-0.0067f,1.0722f,0.1798f,0.0203f,-0.9835f,-0.0151f,0f,0f,0f,1f],start_interpolation: 0,interpolation_duration: 1}
$data merge entity $(bone_body) {transformation: [-1f,-0.0095f,0f,0.0163f,-0.0095f,1f,0.0022f,0.56f,0f,0.0022f,-1f,0f,0f,0f,0f,1f],start_interpolation: 0,interpolation_duration: 1}
$data merge entity $(bone_leg_left) {transformation: [-0.9927f,-0.052f,0.1086f,0.1413f,-0.0514f,0.9986f,0.0078f,0.6866f,-0.1089f,0.0022f,-0.9941f,0.0013f,0f,0f,0f,1f],start_interpolation: 0,interpolation_duration: 1}
$data merge entity $(bone_leg_right) {transformation: [-0.9893f,0.0659f,-0.1302f,-0.1088f,0.0655f,0.9978f,0.0074f,0.6867f,0.1304f,-0.0012f,-0.9915f,0f,0f,0f,0f,1f],start_interpolation: 0,interpolation_duration: 1}