# This file was generated by Animated Java via MC-Build. It is not recommended to edit this file directly.
$data merge entity $(bone_hair) {transformation: [-0.9991f,-0.0268f,0.0329f,0.0166f,-0.0271f,0.9996f,-0.0098f,1.364f,-0.0326f,-0.0107f,-0.9994f,0.0056f,0f,0f,0f,1f],start_interpolation: 0,interpolation_duration: 1}
$data merge entity $(bone_head) {transformation: [-0.9991f,-0.0268f,0.0329f,0.0216f,-0.0271f,0.9996f,-0.0098f,1.1765f,-0.0326f,-0.0107f,-0.9994f,0.0076f,0f,0f,0f,1f],start_interpolation: 0,interpolation_duration: 1}
$data merge entity $(bone_arm_right) {transformation: [-0.9787f,0.12f,0.1668f,-0.2794f,0.1232f,0.9923f,0.0091f,1.0575f,-0.1644f,0.0295f,-0.986f,-0.0099f,0f,0f,0f,1f],start_interpolation: 0,interpolation_duration: 1}
$data merge entity $(bone_arm_left) {transformation: [-0.9889f,-0.1156f,-0.0935f,0.3254f,-0.1175f,0.993f,0.0149f,1.0651f,0.0912f,0.0257f,-0.9955f,-0.0099f,0f,0f,0f,1f],start_interpolation: 0,interpolation_duration: 1}
$data merge entity $(bone_body) {transformation: [-0.9999f,-0.0125f,-0.0002f,0.0294f,-0.0125f,0.9998f,0.0121f,0.5516f,0f,0.0121f,-0.9999f,0f,0f,0f,0f,1f],start_interpolation: 0,interpolation_duration: 1}
$data merge entity $(bone_leg_left) {transformation: [-0.9935f,-0.035f,0.1084f,0.1538f,-0.0337f,0.9993f,0.0137f,0.6842f,-0.1088f,0.01f,-0.994f,0.0054f,0f,0f,0f,1f],start_interpolation: 0,interpolation_duration: 1}
$data merge entity $(bone_leg_right) {transformation: [-0.99f,0.0833f,-0.114f,-0.0947f,0.0832f,0.9965f,0.0059f,0.6832f,0.1141f,-0.0037f,-0.9935f,0f,0f,0f,0f,1f],start_interpolation: 0,interpolation_duration: 1}