# This file was generated by Animated Java via MC-Build. It is not recommended to edit this file directly.
$data merge entity $(bone_hair) {transformation: [-1f,0f,0f,0f,0f,1f,0f,1.4511f,0f,0f,-1f,0.0368f,0f,0f,0f,1f],start_interpolation: 0,interpolation_duration: 1}
$data merge entity $(bone_glass) {transformation: [-1f,0f,0f,0f,0f,1f,0f,1.4495f,0f,0f,-1f,0.0368f,0f,0f,0f,1f],start_interpolation: 0,interpolation_duration: 1}
$data merge entity $(bone_head) {transformation: [-1f,0f,0f,0f,0f,1f,0f,1.4495f,0f,0f,-1f,0.0368f,0f,0f,0f,1f],start_interpolation: 0,interpolation_duration: 1}
$data merge entity $(bone_arm_right) {transformation: [-0.9586f,0.0733f,0.2753f,-0.3125f,0.0937f,0.9937f,0.0616f,1.3872f,-0.269f,0.0848f,-0.9594f,0.0322f,0f,0f,0f,1f],start_interpolation: 0,interpolation_duration: 1}
$data merge entity $(bone_arm_left) {transformation: [-0.9586f,-0.0733f,-0.2753f,0.3125f,-0.0937f,0.9937f,0.0616f,1.3872f,0.269f,0.0848f,-0.9594f,0.0322f,0f,0f,0f,1f],start_interpolation: 0,interpolation_duration: 1}
$data merge entity $(bone_body) {transformation: [-1f,0f,0f,0f,0f,0.9973f,0.0741f,0.7016f,0f,0.0741f,-0.9973f,-0.0187f,0f,0f,0f,1f],start_interpolation: 0,interpolation_duration: 1}
$data merge entity $(bone_leg_left) {transformation: [-1f,0f,0f,0.125f,0f,1f,0.0087f,0.6813f,0f,0.0087f,-1f,0.0031f,0f,0f,0f,1f],start_interpolation: 0,interpolation_duration: 1}
$data merge entity $(bone_leg_right) {transformation: [-1f,0f,0f,-0.125f,0f,1f,0.0087f,0.6813f,0f,0.0087f,-1f,0.0031f,0f,0f,0f,1f],start_interpolation: 0,interpolation_duration: 1}