# This file was generated by Animated Java via MC-Build. It is not recommended to edit this file directly.
$data merge entity $(bone_hair) {transformation: [-1f,0f,0f,0f,0f,0.9974f,0.0728f,1.4774f,0f,0.0728f,-0.9974f,0.0405f,0f,0f,0f,1f],start_interpolation: 0,interpolation_duration: 1}
$data merge entity $(bone_glass) {transformation: [-1f,0f,0f,0f,0f,0.9974f,0.0728f,1.4759f,0f,0.0728f,-0.9974f,0.0404f,0f,0f,0f,1f],start_interpolation: 0,interpolation_duration: 1}
$data merge entity $(bone_head) {transformation: [-1f,0f,0f,0f,0f,0.9974f,0.0728f,1.4759f,0f,0.0728f,-0.9974f,0.0404f,0f,0f,0f,1f],start_interpolation: 0,interpolation_duration: 1}
$data merge entity $(bone_arm_right) {transformation: [-0.9755f,0.0673f,0.2095f,-0.3125f,0.0878f,0.9921f,0.09f,1.4135f,-0.2018f,0.1062f,-0.9737f,0.0363f,0f,0f,0f,1f],start_interpolation: 0,interpolation_duration: 1}
$data merge entity $(bone_arm_left) {transformation: [-0.9754f,-0.0673f,-0.2099f,0.3125f,-0.0875f,0.9922f,0.0886f,1.4135f,0.2023f,0.1048f,-0.9737f,0.0363f,0f,0f,0f,1f],start_interpolation: 0,interpolation_duration: 1}
$data merge entity $(bone_body) {transformation: [-1f,0f,0f,0f,0f,0.9978f,0.066f,0.7275f,0f,0.066f,-0.9978f,-0.009f,0f,0f,0f,1f],start_interpolation: 0,interpolation_duration: 1}
$data merge entity $(bone_leg_left) {transformation: [-1f,0f,0f,0.125f,0f,1f,0.0042f,0.6848f,0f,0.0042f,-1f,0.0013f,0f,0f,0f,1f],start_interpolation: 0,interpolation_duration: 1}
$data merge entity $(bone_leg_right) {transformation: [-1f,0f,0f,-0.125f,0f,1f,0.0042f,0.6848f,0f,0.0042f,-1f,0.0013f,0f,0f,0f,1f],start_interpolation: 0,interpolation_duration: 1}