# This file was generated by Animated Java via MC-Build. It is not recommended to edit this file directly.
$data merge entity $(bone_hair) {transformation: [-1f,0f,0f,0f,0f,0.9968f,0.0803f,1.4937f,0f,0.0803f,-0.9968f,0.0316f,0f,0f,0f,1f],start_interpolation: 0,interpolation_duration: 1}
$data merge entity $(bone_glass) {transformation: [-1f,0f,0f,0f,0f,0.9968f,0.0803f,1.4921f,0f,0.0803f,-0.9968f,0.0314f,0f,0f,0f,1f],start_interpolation: 0,interpolation_duration: 1}
$data merge entity $(bone_head) {transformation: [-1f,0f,0f,0f,0f,0.9968f,0.0803f,1.4921f,0f,0.0803f,-0.9968f,0.0314f,0f,0f,0f,1f],start_interpolation: 0,interpolation_duration: 1}
$data merge entity $(bone_arm_right) {transformation: [-0.9832f,0.068f,0.1693f,-0.3125f,0.0819f,0.9937f,0.0765f,1.4297f,-0.163f,0.0891f,-0.9826f,0.0286f,0f,0f,0f,1f],start_interpolation: 0,interpolation_duration: 1}
$data merge entity $(bone_arm_left) {transformation: [-0.9832f,-0.0679f,-0.1695f,0.3125f,-0.0817f,0.9938f,0.0758f,1.4297f,0.1633f,0.0884f,-0.9826f,0.0286f,0f,0f,0f,1f],start_interpolation: 0,interpolation_duration: 1}
$data merge entity $(bone_body) {transformation: [-1f,0f,0f,0f,0f,0.9989f,0.0461f,0.7429f,0f,0.0461f,-0.9989f,-0.0031f,0f,0f,0f,1f],start_interpolation: 0,interpolation_duration: 1}
$data merge entity $(bone_leg_left) {transformation: [-1f,0f,0f,0.125f,0f,1f,0.0014f,0.6868f,0f,0.0014f,-1f,0.0003f,0f,0f,0f,1f],start_interpolation: 0,interpolation_duration: 1}
$data merge entity $(bone_leg_right) {transformation: [-1f,0f,0f,-0.125f,0f,1f,0.0014f,0.6868f,0f,0.0014f,-1f,0.0003f,0f,0f,0f,1f],start_interpolation: 0,interpolation_duration: 1}