# This file was generated by Animated Java via MC-Build. It is not recommended to edit this file directly.
$data merge entity $(bone_hair) {transformation: [-1f,0f,0f,0f,0f,0.9992f,0.0408f,1.5015f,0f,0.0408f,-0.9992f,0.0123f,0f,0f,0f,1f],start_interpolation: 0,interpolation_duration: 1}
$data merge entity $(bone_glass) {transformation: [-1f,0f,0f,0f,0f,0.9992f,0.0408f,1.5f,0f,0.0408f,-0.9992f,0.0123f,0f,0f,0f,1f],start_interpolation: 0,interpolation_duration: 1}
$data merge entity $(bone_head) {transformation: [-1f,0f,0f,0f,0f,0.9992f,0.0408f,1.5f,0f,0.0408f,-0.9992f,0.0123f,0f,0f,0f,1f],start_interpolation: 0,interpolation_duration: 1}
$data merge entity $(bone_arm_right) {transformation: [-0.9864f,0.0712f,0.1479f,-0.3125f,0.0771f,0.9964f,0.035f,1.4375f,-0.1449f,0.046f,-0.9884f,0.0112f,0f,0f,0f,1f],start_interpolation: 0,interpolation_duration: 1}
$data merge entity $(bone_arm_left) {transformation: [-0.9863f,-0.071f,-0.149f,0.3125f,-0.0765f,0.9966f,0.0317f,1.4375f,0.1462f,0.0427f,-0.9883f,0.0112f,0f,0f,0f,1f],start_interpolation: 0,interpolation_duration: 1}
$data merge entity $(bone_body) {transformation: [-1f,0f,0f,0f,0f,0.9999f,0.0165f,0.7501f,0f,0.0165f,-0.9999f,-0.0001f,0f,0f,0f,1f],start_interpolation: 0,interpolation_duration: 1}
$data merge entity $(bone_leg_left) {transformation: [-1f,0f,0f,0.125f,0f,1f,0f,0.6876f,0f,0f,-1f,-0.0001f,0f,0f,0f,1f],start_interpolation: 0,interpolation_duration: 1}
$data merge entity $(bone_leg_right) {transformation: [-1f,0f,0f,-0.125f,0f,1f,0f,0.6876f,0f,0f,-1f,-0.0001f,0f,0f,0f,1f],start_interpolation: 0,interpolation_duration: 1}