# This file was generated by Animated Java via MC-Build. It is not recommended to edit this file directly.
$data merge entity $(bone_hair) {transformation: [-1f,0f,0f,0f,0f,0.9994f,-0.0349f,1.4833f,0f,-0.0349f,-0.9994f,0.01f,0f,0f,0f,1f],start_interpolation: 0,interpolation_duration: 1}
$data merge entity $(bone_glass) {transformation: [-1f,0f,0f,0f,0f,0.9994f,-0.0349f,1.4818f,0f,-0.0349f,-0.9994f,0.0101f,0f,0f,0f,1f],start_interpolation: 0,interpolation_duration: 1}
$data merge entity $(bone_head) {transformation: [-1f,0f,0f,0f,0f,0.9994f,-0.0349f,1.4818f,0f,-0.0349f,-0.9994f,0.0101f,0f,0f,0f,1f],start_interpolation: 0,interpolation_duration: 1}
$data merge entity $(bone_arm_right) {transformation: [-0.9762f,0.0753f,0.2032f,-0.3125f,0.074f,0.9972f,-0.0139f,1.4193f,-0.2037f,0.0014f,-0.979f,0.0087f,0f,0f,0f,1f],start_interpolation: 0,interpolation_duration: 1}
$data merge entity $(bone_arm_left) {transformation: [-0.9779f,-0.0747f,-0.1951f,0.3125f,-0.0785f,0.9968f,0.0116f,1.4193f,0.1937f,0.0267f,-0.9807f,0.0087f,0f,0f,0f,1f],start_interpolation: 0,interpolation_duration: 1}
$data merge entity $(bone_body) {transformation: [-1f,0f,0f,0f,0f,0.9997f,0.0227f,0.732f,0f,0.0227f,-0.9997f,-0.007f,0f,0f,0f,1f],start_interpolation: 0,interpolation_duration: 1}
$data merge entity $(bone_leg_left) {transformation: [-1f,0f,0f,0.125f,0f,1f,0.0032f,0.6852f,0f,0.0032f,-1f,0.0012f,0f,0f,0f,1f],start_interpolation: 0,interpolation_duration: 1}
$data merge entity $(bone_leg_right) {transformation: [-1f,0f,0f,-0.125f,0f,1f,0.0032f,0.6852f,0f,0.0032f,-1f,0.0012f,0f,0f,0f,1f],start_interpolation: 0,interpolation_duration: 1}