# This file was generated by Animated Java via MC-Build. It is not recommended to edit this file directly.
$data merge entity $(bone_head) {transformation: [-0.9999f,-0.0001f,-0.0142f,-0.0025f,-0.0002f,1f,0.0079f,0.2931f,0.0142f,0.0079f,-0.9999f,-0.0076f,0f,0f,0f,1f],start_interpolation: 0,interpolation_duration: 1}
$data merge entity $(bone_leftwing) {transformation: [-0.9999f,-0.0001f,0.0142f,0.1741f,0f,1f,0.0079f,0.1753f,-0.0142f,0.0079f,-0.9999f,-0.1216f,0f,0f,0f,1f],start_interpolation: 0,interpolation_duration: 1}
$data merge entity $(bone_rightwing) {transformation: [-0.9999f,-0.0001f,0.0142f,-0.1776f,0f,1f,0.0079f,0.1743f,-0.0142f,0.0079f,-0.9999f,-0.0016f,0f,0f,0f,1f],start_interpolation: 0,interpolation_duration: 1}
$data merge entity $(bone_tail) {transformation: [-0.9999f,-0.0001f,0.0142f,0.0058f,0f,1f,0.0079f,0.2261f,-0.0142f,0.0079f,-0.9999f,-0.4283f,0f,0f,0f,1f],start_interpolation: 0,interpolation_duration: 1}
$data merge entity $(bone_body) {transformation: [-0.9999f,-0.0001f,0.0142f,0.0006f,0f,1f,0.0079f,0.0617f,-0.0142f,0.0079f,-0.9999f,-0.1828f,0f,0f,0f,1f],start_interpolation: 0,interpolation_duration: 1}
$data merge entity $(bone_right_foot) {transformation: [-1f,0f,0f,-0.0562f,0f,0.9322f,0.362f,0.0614f,0f,0.362f,-0.9322f,-0.2904f,0f,0f,0f,1f],start_interpolation: 0,interpolation_duration: 1}
$data merge entity $(bone_left_foot) {transformation: [-1f,0f,0f,0.0563f,0f,0.992f,-0.1266f,0.0435f,0f,-0.1266f,-0.992f,-0.0966f,0f,0f,0f,1f],start_interpolation: 0,interpolation_duration: 1}