# This file was generated by Animated Java via MC-Build. It is not recommended to edit this file directly.
$data merge entity $(bone_head) {transformation: [-1f,0.0001f,0.0087f,0.0015f,0.0002f,0.9999f,0.0131f,0.2918f,-0.0087f,0.0131f,-0.9999f,-0.0063f,0f,0f,0f,1f],start_interpolation: 0,interpolation_duration: 1}
$data merge entity $(bone_leftwing) {transformation: [-1f,0.0001f,-0.0087f,0.1755f,0f,0.9999f,0.0131f,0.1745f,0.0087f,0.0131f,-0.9999f,-0.125f,0f,0f,0f,1f],start_interpolation: 0,interpolation_duration: 1}
$data merge entity $(bone_rightwing) {transformation: [-1f,0.0001f,-0.0087f,-0.1734f,0f,0.9999f,0.0131f,0.1729f,0.0087f,0.0131f,-0.9999f,0.003f,0f,0f,0f,1f],start_interpolation: 0,interpolation_duration: 1}
$data merge entity $(bone_tail) {transformation: [-1f,0.0001f,-0.0087f,0.0002f,0f,0.9999f,0.0131f,0.227f,0.0087f,0.0131f,-0.9999f,-0.4275f,0f,0f,0f,1f],start_interpolation: 0,interpolation_duration: 1}
$data merge entity $(bone_body) {transformation: [-1f,0.0001f,-0.0087f,0.0006f,0f,0.9999f,0.0131f,0.0612f,0.0087f,0.0131f,-0.9999f,-0.1828f,0f,0f,0f,1f],start_interpolation: 0,interpolation_duration: 1}
$data merge entity $(bone_right_foot) {transformation: [-1f,0f,0f,-0.0562f,0f,0.9999f,-0.0152f,0.0441f,0f,-0.0152f,-0.9999f,-0.1288f,0f,0f,0f,1f],start_interpolation: 0,interpolation_duration: 1}
$data merge entity $(bone_left_foot) {transformation: [-1f,0f,0f,0.0563f,0f,0.8678f,0.497f,0.0694f,0f,0.497f,-0.8678f,-0.2909f,0f,0f,0f,1f],start_interpolation: 0,interpolation_duration: 1}