# This file was generated by Animated Java via MC-Build. It is not recommended to edit this file directly.
$data merge entity $(bone_head) {transformation: [-1f,0.0001f,-0.0087f,-0.0015f,0.0002f,1f,-0.0087f,0.3078f,0.0087f,-0.0087f,-0.9999f,-0.0114f,0f,0f,0f,1f],start_interpolation: 0,interpolation_duration: 1}
$data merge entity $(bone_leftwing) {transformation: [-1f,0.0001f,0.0087f,0.1745f,0f,1f,-0.0087f,0.188f,-0.0087f,-0.0087f,-0.9999f,-0.1245f,0f,0f,0f,1f],start_interpolation: 0,interpolation_duration: 1}
$data merge entity $(bone_rightwing) {transformation: [-1f,0.0001f,0.0087f,-0.1766f,0f,1f,-0.0087f,0.1891f,-0.0087f,-0.0087f,-0.9999f,-0.0025f,0f,0f,0f,1f],start_interpolation: 0,interpolation_duration: 1}
$data merge entity $(bone_tail) {transformation: [-1f,0.0001f,0.0087f,0.0045f,0f,1f,-0.0087f,0.2338f,-0.0087f,-0.0087f,-0.9999f,-0.4311f,0f,0f,0f,1f],start_interpolation: 0,interpolation_duration: 1}
$data merge entity $(bone_body) {transformation: [-1f,0.0001f,0.0087f,0.0006f,0f,1f,-0.0087f,0.0734f,-0.0087f,-0.0087f,-0.9999f,-0.1828f,0f,0f,0f,1f],start_interpolation: 0,interpolation_duration: 1}
$data merge entity $(bone_right_foot) {transformation: [-1f,0f,0f,-0.0562f,0f,0.9974f,0.072f,0.0594f,0f,0.072f,-0.9974f,-0.245f,0f,0f,0f,1f],start_interpolation: 0,interpolation_duration: 1}
$data merge entity $(bone_left_foot) {transformation: [-1f,0f,0f,0.0563f,0f,0.9941f,-0.1089f,0.0728f,0f,-0.1089f,-0.9941f,-0.1209f,0f,0f,0f,1f],start_interpolation: 0,interpolation_duration: 1}