# This file was generated by Animated Java via MC-Build. It is not recommended to edit this file directly.
$data merge entity $(bone_head) {transformation: [-0.9999f,-0.0001f,0.0142f,0.0024f,-0.0002f,1f,-0.0057f,0.3031f,-0.0142f,-0.0057f,-0.9999f,-0.0107f,0f,0f,0f,1f],start_interpolation: 0,interpolation_duration: 1}
$data merge entity $(bone_leftwing) {transformation: [-0.9999f,-0.0001f,-0.0142f,0.1758f,0f,1f,-0.0057f,0.1837f,0.0142f,-0.0057f,-0.9999f,-0.1281f,0f,0f,0f,1f],start_interpolation: 0,interpolation_duration: 1}
$data merge entity $(bone_rightwing) {transformation: [-0.9999f,-0.0001f,-0.0142f,-0.1724f,0f,1f,-0.0057f,0.1844f,0.0142f,-0.0057f,-0.9999f,0.0018f,0f,0f,0f,1f],start_interpolation: 0,interpolation_duration: 1}
$data merge entity $(bone_tail) {transformation: [-0.9999f,-0.0001f,-0.0142f,-0.0012f,0f,1f,-0.0057f,0.2304f,0.0142f,-0.0057f,-0.9999f,-0.4306f,0f,0f,0f,1f],start_interpolation: 0,interpolation_duration: 1}
$data merge entity $(bone_body) {transformation: [-0.9999f,-0.0001f,-0.0142f,0.0006f,0f,1f,-0.0057f,0.0693f,0.0142f,-0.0057f,-0.9999f,-0.1828f,0f,0f,0f,1f],start_interpolation: 0,interpolation_duration: 1}
$data merge entity $(bone_right_foot) {transformation: [-1f,0f,0f,-0.0562f,0f,0.9822f,-0.188f,0.0608f,0f,-0.188f,-0.9822f,-0.0921f,0f,0f,0f,1f],start_interpolation: 0,interpolation_duration: 1}
$data merge entity $(bone_left_foot) {transformation: [-1f,0f,0f,0.0563f,0f,0.9956f,0.0938f,0.0558f,0f,0.0938f,-0.9956f,-0.2613f,0f,0f,0f,1f],start_interpolation: 0,interpolation_duration: 1}