# This file was generated by Animated Java via MC-Build. It is not recommended to edit this file directly.
$data merge entity $(bone_hair) {transformation: [-0.9989f,0f,-0.0476f,-0.0169f,0f,1f,0f,1.5119f,0.0476f,0f,-0.9989f,0f,0f,0f,0f,1f],start_interpolation: 0,interpolation_duration: 1}
$data merge entity $(bone_head) {transformation: [-0.9989f,0f,-0.0476f,-0.0169f,0f,1f,0f,1.5103f,0.0476f,0f,-0.9989f,0f,0f,0f,0f,1f],start_interpolation: 0,interpolation_duration: 1}
$data merge entity $(bone_arm_right) {transformation: [-0.9946f,0.0926f,-0.0474f,-0.3187f,0.1f,0.9763f,-0.1919f,1.4478f,0.0285f,-0.1956f,-0.9803f,0.0871f,0f,0f,0f,1f],start_interpolation: 0,interpolation_duration: 1}
$data merge entity $(bone_arm_left) {transformation: [-0.9316f,-0.0357f,-0.3616f,0.2849f,-0.0995f,0.9822f,0.1593f,1.4478f,0.3495f,0.1844f,-0.9186f,-0.0871f,0f,0f,0f,1f],start_interpolation: 0,interpolation_duration: 1}
$data merge entity $(bone_body) {transformation: [-0.984f,0f,-0.1783f,-0.0169f,0f,1f,0f,0.7603f,0.1783f,0f,-0.984f,0f,0f,0f,0f,1f],start_interpolation: 0,interpolation_duration: 1}
$data merge entity $(bone_leg_left) {transformation: [-0.9994f,-0.033f,0.0063f,0.1081f,-0.0332f,0.9989f,-0.0337f,0.7794f,-0.0051f,-0.0339f,-0.9994f,0.1716f,0f,0f,0f,1f],start_interpolation: 0,interpolation_duration: 1}
$data merge entity $(bone_leg_right) {transformation: [-0.9998f,-0.0221f,-0.0029f,-0.1419f,-0.0222f,0.985f,0.171f,0.6953f,-0.001f,0.1711f,-0.9853f,-0.0363f,0f,0f,0f,1f],start_interpolation: 0,interpolation_duration: 1}