# This file was generated by Animated Java via MC-Build. It is not recommended to edit this file directly.
$data merge entity $(bone_hair) {transformation: [-0.9993f,0f,-0.0379f,0.0225f,0f,1f,0f,1.4768f,0.0379f,0f,-0.9993f,0f,0f,0f,0f,1f],start_interpolation: 0,interpolation_duration: 1}
$data merge entity $(bone_head) {transformation: [-0.9993f,0f,-0.0379f,0.0225f,0f,1f,0f,1.4752f,0.0379f,0f,-0.9993f,0f,0f,0f,0f,1f],start_interpolation: 0,interpolation_duration: 1}
$data merge entity $(bone_arm_right) {transformation: [-0.9675f,0.1293f,0.2172f,-0.2903f,0.109f,0.9887f,-0.1031f,1.4127f,-0.2281f,-0.0761f,-0.9707f,-0.0083f,0f,0f,0f,1f],start_interpolation: 0,interpolation_duration: 1}
$data merge entity $(bone_arm_left) {transformation: [-0.9892f,-0.1012f,-0.106f,0.3353f,-0.1087f,0.9918f,0.0671f,1.4127f,0.0983f,0.0779f,-0.9921f,0.0083f,0f,0f,0f,1f],start_interpolation: 0,interpolation_duration: 1}
$data merge entity $(bone_body) {transformation: [-0.9971f,0f,0.0758f,0.0225f,0f,1f,0f,0.7252f,-0.0758f,0f,-0.9971f,0f,0f,0f,0f,1f],start_interpolation: 0,interpolation_duration: 1}
$data merge entity $(bone_leg_left) {transformation: [-0.9999f,0.0141f,0.0006f,0.1475f,0.0141f,0.9977f,-0.066f,0.6691f,-0.0016f,-0.0659f,-0.9978f,0.0267f,0f,0f,0f,1f],start_interpolation: 0,interpolation_duration: 1}
$data merge entity $(bone_leg_right) {transformation: [-0.9997f,-0.0159f,-0.0162f,-0.1025f,-0.0212f,0.9064f,0.422f,0.7122f,0.0079f,0.4222f,-0.9065f,0.0849f,0f,0f,0f,1f],start_interpolation: 0,interpolation_duration: 1}