# This file was generated by Animated Java via MC-Build. It is not recommended to edit this file directly.
$data merge entity $(bone_hair) {transformation: [-0.9999f,0f,-0.0131f,0f,0f,1f,0f,1.4703f,0.0131f,0f,-0.9999f,0f,0f,0f,0f,1f],start_interpolation: 0,interpolation_duration: 1}
$data merge entity $(bone_glass) {transformation: [-0.9999f,0f,-0.0131f,0f,0f,1f,0f,1.4688f,0.0131f,0f,-0.9999f,0f,0f,0f,0f,1f],start_interpolation: 0,interpolation_duration: 1}
$data merge entity $(bone_head) {transformation: [-0.9999f,0f,-0.0131f,0f,0f,1f,0f,1.4688f,0.0131f,0f,-0.9999f,0f,0f,0f,0f,1f],start_interpolation: 0,interpolation_duration: 1}
$data merge entity $(bone_arm_right) {transformation: [-0.9081f,-0.0775f,0.4115f,-0.2875f,0.0688f,0.9417f,0.3292f,1.4063f,-0.413f,0.3273f,-0.8499f,-0.1375f,0f,0f,0f,1f],start_interpolation: 0,interpolation_duration: 1}
$data merge entity $(bone_arm_left) {transformation: [-0.9929f,-0.0302f,0.1153f,0.2875f,-0.0691f,0.9339f,-0.3507f,1.4063f,-0.0971f,-0.3562f,-0.9294f,0.1375f,0f,0f,0f,1f],start_interpolation: 0,interpolation_duration: 1}
$data merge entity $(bone_body) {transformation: [-0.9692f,0f,0.2462f,0f,0f,1f,0f,0.7188f,-0.2462f,0f,-0.9692f,0f,0f,0f,0f,1f],start_interpolation: 0,interpolation_duration: 1}
$data merge entity $(bone_leg_left) {transformation: [-0.9992f,-0.0393f,0f,0.125f,-0.0369f,0.939f,0.342f,0.6563f,-0.0134f,0.3418f,-0.9397f,-0.0625f,0f,0f,0f,1f],start_interpolation: 0,interpolation_duration: 1}
$data merge entity $(bone_leg_right) {transformation: [-1f,-0.0087f,0f,-0.125f,-0.0082f,0.9397f,-0.342f,0.6563f,0.003f,-0.342f,-0.9397f,0.0625f,0f,0f,0f,1f],start_interpolation: 0,interpolation_duration: 1}