# This file was generated by Animated Java via MC-Build. It is not recommended to edit this file directly.
$data merge entity $(bone_hair) {transformation: [-0.9994f,0f,-0.035f,-0.0225f,0f,1f,0f,1.4768f,0.035f,0f,-0.9994f,0f,0f,0f,0f,1f],start_interpolation: 0,interpolation_duration: 1}
$data merge entity $(bone_glass) {transformation: [-0.9994f,0f,-0.035f,-0.0225f,0f,1f,0f,1.4752f,0.035f,0f,-0.9994f,0f,0f,0f,0f,1f],start_interpolation: 0,interpolation_duration: 1}
$data merge entity $(bone_head) {transformation: [-0.9994f,0f,-0.035f,-0.0225f,0f,1f,0f,1.4752f,0.035f,0f,-0.9994f,0f,0f,0f,0f,1f],start_interpolation: 0,interpolation_duration: 1}
$data merge entity $(bone_arm_right) {transformation: [-0.984f,0.0977f,0.149f,-0.3353f,0.1088f,0.9917f,0.0682f,1.4127f,-0.1411f,0.0833f,-0.9865f,-0.0084f,0f,0f,0f,1f],start_interpolation: 0,interpolation_duration: 1}
$data merge entity $(bone_arm_left) {transformation: [-0.9765f,-0.1259f,-0.1748f,0.2903f,-0.1088f,0.9886f,-0.1042f,1.4127f,0.1859f,-0.0827f,-0.9791f,0.0084f,0f,0f,0f,1f],start_interpolation: 0,interpolation_duration: 1}
$data merge entity $(bone_body) {transformation: [-0.9997f,0f,-0.0224f,-0.0225f,0f,1f,0f,0.7252f,0.0224f,0f,-0.9997f,0f,0f,0f,0f,1f],start_interpolation: 0,interpolation_duration: 1}
$data merge entity $(bone_leg_left) {transformation: [-0.9996f,0.0193f,0.019f,0.1025f,0.0255f,0.9063f,0.4218f,0.7122f,-0.0091f,0.4222f,-0.9065f,0.0849f,0f,0f,0f,1f],start_interpolation: 0,interpolation_duration: 1}
$data merge entity $(bone_leg_right) {transformation: [-0.9996f,-0.029f,0.0006f,-0.1475f,-0.029f,0.9974f,-0.066f,0.6691f,0.0014f,-0.066f,-0.9978f,0.0267f,0f,0f,0f,1f],start_interpolation: 0,interpolation_duration: 1}