# This file was generated by Animated Java via MC-Build. It is not recommended to edit this file directly.
$data merge entity $(bone_hair) {transformation: [-0.9987f,0f,-0.0504f,-0.0112f,0f,1f,0f,1.498f,0.0504f,0f,-0.9987f,0f,0f,0f,0f,1f],start_interpolation: 0,interpolation_duration: 1}
$data merge entity $(bone_glass) {transformation: [-0.9987f,0f,-0.0504f,-0.0112f,0f,1f,0f,1.4965f,0.0504f,0f,-0.9987f,0f,0f,0f,0f,1f],start_interpolation: 0,interpolation_duration: 1}
$data merge entity $(bone_head) {transformation: [-0.9987f,0f,-0.0504f,-0.0112f,0f,1f,0f,1.4965f,0.0504f,0f,-0.9987f,0f,0f,0f,0f,1f],start_interpolation: 0,interpolation_duration: 1}
$data merge entity $(bone_arm_right) {transformation: [-0.9937f,0.0683f,-0.0891f,-0.3071f,0.0891f,0.9628f,-0.255f,1.434f,0.0684f,-0.2614f,-0.9628f,0.1097f,0f,0f,0f,1f],start_interpolation: 0,interpolation_duration: 1}
$data merge entity $(bone_arm_left) {transformation: [-0.918f,0.0088f,-0.3965f,0.2846f,-0.0886f,0.97f,0.2265f,1.434f,0.3866f,0.243f,-0.8897f,-0.1097f,0f,0f,0f,1f],start_interpolation: 0,interpolation_duration: 1}
$data merge entity $(bone_body) {transformation: [-0.9769f,0f,-0.2139f,-0.0112f,0f,1f,0f,0.7465f,0.2139f,0f,-0.9769f,0f,0f,0f,0f,1f],start_interpolation: 0,interpolation_duration: 1}
$data merge entity $(bone_leg_left) {transformation: [-0.9993f,-0.0335f,0.0143f,0.1138f,-0.0354f,0.9864f,-0.1604f,0.741f,-0.0087f,-0.1608f,-0.987f,0.1416f,0f,0f,0f,1f],start_interpolation: 0,interpolation_duration: 1}
$data merge entity $(bone_leg_right) {transformation: [-0.9999f,-0.0157f,-0.002f,-0.1362f,-0.0157f,0.9733f,0.229f,0.6825f,-0.0017f,0.229f,-0.9734f,-0.0483f,0f,0f,0f,1f],start_interpolation: 0,interpolation_duration: 1}