# This file was generated by Animated Java via MC-Build. It is not recommended to edit this file directly.
$data merge entity $(bone_hair) {transformation: [-0.9986f,0f,-0.0521f,-0.0056f,0f,1f,0f,1.4842f,0.0521f,0f,-0.9986f,0f,0f,0f,0f,1f],start_interpolation: 0,interpolation_duration: 1}
$data merge entity $(bone_glass) {transformation: [-0.9986f,0f,-0.0521f,-0.0056f,0f,1f,0f,1.4826f,0.0521f,0f,-0.9986f,0f,0f,0f,0f,1f],start_interpolation: 0,interpolation_duration: 1}
$data merge entity $(bone_head) {transformation: [-0.9986f,0f,-0.0521f,-0.0056f,0f,1f,0f,1.4826f,0.0521f,0f,-0.9986f,0f,0f,0f,0f,1f],start_interpolation: 0,interpolation_duration: 1}
$data merge entity $(bone_arm_right) {transformation: [-0.993f,0.0435f,-0.1102f,-0.2967f,0.0765f,0.9456f,-0.3162f,1.4201f,0.0904f,-0.3224f,-0.9423f,0.1268f,0f,0f,0f,1f],start_interpolation: 0,interpolation_duration: 1}
$data merge entity $(bone_arm_left) {transformation: [-0.9103f,0.0532f,-0.4105f,0.2854f,-0.076f,0.9534f,0.2921f,1.4201f,0.4069f,0.2971f,-0.8638f,-0.1268f,0f,0f,0f,1f],start_interpolation: 0,interpolation_duration: 1}
$data merge entity $(bone_body) {transformation: [-0.9727f,0f,-0.2319f,-0.0056f,0f,1f,0f,0.7326f,0.2319f,0f,-0.9727f,0f,0f,0f,0f,1f],start_interpolation: 0,interpolation_duration: 1}
$data merge entity $(bone_leg_left) {transformation: [-0.9995f,-0.0233f,0.02f,0.1194f,-0.0279f,0.9605f,-0.2768f,0.6931f,-0.0128f,-0.2773f,-0.9607f,0.0951f,0f,0f,0f,1f],start_interpolation: 0,interpolation_duration: 1}
$data merge entity $(bone_leg_right) {transformation: [-1f,-0.0082f,-0.0001f,-0.1306f,-0.0079f,0.958f,0.2866f,0.6702f,-0.0022f,0.2866f,-0.958f,-0.0592f,0f,0f,0f,1f],start_interpolation: 0,interpolation_duration: 1}