# This file was generated by Animated Java via MC-Build. It is not recommended to edit this file directly.
$data merge entity $(bone_hair) {transformation: [-1f,0f,0f,0f,0f,0.9986f,-0.0523f,1.4596f,0f,-0.0523f,-0.9986f,-0.0302f,0f,0f,0f,1f],start_interpolation: 0,interpolation_duration: 1}
$data merge entity $(bone_head) {transformation: [-1f,0f,0f,0f,0f,0.9986f,-0.0523f,0.7106f,0f,-0.0523f,-0.9986f,0.009f,0f,0f,0f,1f],start_interpolation: 0,interpolation_duration: 1}
$data merge entity $(bone_arm_right) {transformation: [-0.9613f,0.0793f,0.2636f,-0.1875f,0.08f,0.9968f,-0.0083f,0.6794f,-0.2635f,0.0131f,-0.9646f,0.0073f,0f,0f,0f,1f],start_interpolation: 0,interpolation_duration: 1}
$data merge entity $(bone_arm_left) {transformation: [-0.9654f,-0.0755f,-0.2495f,0.1875f,-0.0874f,0.9955f,0.0368f,0.6482f,0.2456f,0.0573f,-0.9677f,0.0056f,0f,0f,0f,1f],start_interpolation: 0,interpolation_duration: 1}
$data merge entity $(bone_body) {transformation: [-1f,0f,0f,0f,0f,0.9985f,0.055f,0.2738f,0f,0.055f,-0.9985f,-0.015f,0f,0f,0f,1f],start_interpolation: 0,interpolation_duration: 1}
$data merge entity $(bone_leg_left) {transformation: [-1f,0f,0f,0.0813f,0f,1f,0.007f,0.3075f,0f,0.007f,-1f,0.0025f,0f,0f,0f,1f],start_interpolation: 0,interpolation_duration: 1}
$data merge entity $(bone_leg_right) {transformation: [-1f,0f,0f,-0.1062f,0f,1f,0.007f,0.3075f,0f,0.007f,-1f,0.0025f,0f,0f,0f,1f],start_interpolation: 0,interpolation_duration: 1}