# This file was generated by Animated Java via MC-Build. It is not recommended to edit this file directly.
$data merge entity $(bone_hair) {transformation: [-1f,0f,0f,0f,0f,0.9998f,-0.0216f,1.4488f,0f,-0.0216f,-0.9998f,-0.0039f,0f,0f,0f,1f],start_interpolation: 0,interpolation_duration: 1}
$data merge entity $(bone_head) {transformation: [-1f,0f,0f,0f,0f,0.9998f,-0.0216f,0.699f,0f,-0.0216f,-0.9998f,0.0123f,0f,0f,0f,1f],start_interpolation: 0,interpolation_duration: 1}
$data merge entity $(bone_arm_right) {transformation: [-0.9562f,0.076f,0.2826f,-0.1875f,0.0913f,0.995f,0.0413f,0.6678f,-0.278f,0.0653f,-0.9584f,0.0101f,0f,0f,0f,1f],start_interpolation: 0,interpolation_duration: 1}
$data merge entity $(bone_arm_left) {transformation: [-0.9575f,-0.0747f,-0.2785f,0.1875f,-0.0934f,0.9941f,0.0543f,0.6367f,0.2728f,0.078f,-0.9589f,0.0078f,0f,0f,0f,1f],start_interpolation: 0,interpolation_duration: 1}
$data merge entity $(bone_body) {transformation: [-1f,0f,0f,0f,0f,0.9974f,0.0722f,0.2627f,0f,0.0722f,-0.9974f,-0.0193f,0f,0f,0f,1f],start_interpolation: 0,interpolation_duration: 1}
$data merge entity $(bone_leg_left) {transformation: [-1f,0f,0f,0.0813f,0f,1f,0.009f,0.306f,0f,0.009f,-1f,0.0032f,0f,0f,0f,1f],start_interpolation: 0,interpolation_duration: 1}
$data merge entity $(bone_leg_right) {transformation: [-1f,0f,0f,-0.1062f,0f,1f,0.009f,0.306f,0f,0.009f,-1f,0.0032f,0f,0f,0f,1f],start_interpolation: 0,interpolation_duration: 1}