# This file was generated by Animated Java via MC-Build. It is not recommended to edit this file directly.
$data merge entity $(bone_hair) {transformation: [-1f,0f,0f,0f,0f,0.9999f,-0.0144f,1.4488f,0f,-0.0144f,-0.9999f,0.0019f,0f,0f,0f,1f],start_interpolation: 0,interpolation_duration: 1}
$data merge entity $(bone_head) {transformation: [-1f,0f,0f,0f,0f,0.9999f,-0.0144f,0.6989f,0f,-0.0144f,-0.9999f,0.0127f,0f,0f,0f,1f],start_interpolation: 0,interpolation_duration: 1}
$data merge entity $(bone_arm_right) {transformation: [-0.9567f,0.0751f,0.2812f,-0.1875f,0.0925f,0.9945f,0.0491f,0.6677f,-0.2759f,0.073f,-0.9584f,0.0104f,0f,0f,0f,1f],start_interpolation: 0,interpolation_duration: 1}
$data merge entity $(bone_arm_left) {transformation: [-0.9575f,-0.0743f,-0.2788f,0.1875f,-0.0937f,0.994f,0.0567f,0.6366f,0.2729f,0.0804f,-0.9587f,0.0081f,0f,0f,0f,1f],start_interpolation: 0,interpolation_duration: 1}
$data merge entity $(bone_body) {transformation: [-1f,0f,0f,0f,0f,0.9973f,0.0732f,0.2626f,0f,0.0732f,-0.9973f,-0.0193f,0f,0f,0f,1f],start_interpolation: 0,interpolation_duration: 1}
$data merge entity $(bone_leg_left) {transformation: [-1f,0f,0f,0.0813f,0f,1f,0.009f,0.306f,0f,0.009f,-1f,0.0032f,0f,0f,0f,1f],start_interpolation: 0,interpolation_duration: 1}
$data merge entity $(bone_leg_right) {transformation: [-1f,0f,0f,-0.1062f,0f,1f,0.009f,0.306f,0f,0.009f,-1f,0.0032f,0f,0f,0f,1f],start_interpolation: 0,interpolation_duration: 1}