# This file was generated by Animated Java via MC-Build. It is not recommended to edit this file directly.
$data merge entity $(bone_hair) {transformation: [-1f,0f,0f,0f,0f,1f,-0.0071f,1.4493f,0f,-0.0071f,-1f,0.0078f,0f,0f,0f,1f],start_interpolation: 0,interpolation_duration: 1}
$data merge entity $(bone_head) {transformation: [-1f,0f,0f,0f,0f,1f,-0.0071f,0.6993f,0f,-0.0071f,-1f,0.0132f,0f,0f,0f,1f],start_interpolation: 0,interpolation_duration: 1}
$data merge entity $(bone_arm_right) {transformation: [-0.9575f,0.0742f,0.2788f,-0.1875f,0.0933f,0.9941f,0.056f,0.6682f,-0.2729f,0.0796f,-0.9587f,0.0109f,0f,0f,0f,1f],start_interpolation: 0,interpolation_duration: 1}
$data merge entity $(bone_arm_left) {transformation: [-0.9578f,-0.0739f,-0.2778f,0.1875f,-0.0938f,0.9938f,0.0591f,0.637f,0.2717f,0.0826f,-0.9588f,0.0086f,0f,0f,0f,1f],start_interpolation: 0,interpolation_duration: 1}
$data merge entity $(bone_body) {transformation: [-1f,0f,0f,0f,0f,0.9973f,0.0738f,0.263f,0f,0.0738f,-0.9973f,-0.0191f,0f,0f,0f,1f],start_interpolation: 0,interpolation_duration: 1}
$data merge entity $(bone_leg_left) {transformation: [-1f,0f,0f,0.0813f,0f,1f,0.0089f,0.3061f,0f,0.0089f,-1f,0.0032f,0f,0f,0f,1f],start_interpolation: 0,interpolation_duration: 1}
$data merge entity $(bone_leg_right) {transformation: [-1f,0f,0f,-0.1062f,0f,1f,0.0089f,0.3061f,0f,0.0089f,-1f,0.0032f,0f,0f,0f,1f],start_interpolation: 0,interpolation_duration: 1}