# This file was generated by Animated Java via MC-Build. It is not recommended to edit this file directly.
$data merge entity $(bone_hair) {transformation: [-1f,0f,0f,0f,0f,1f,0.0081f,1.4522f,0f,0.0081f,-1f,0.0204f,0f,0f,0f,1f],start_interpolation: 0,interpolation_duration: 1}
$data merge entity $(bone_head) {transformation: [-1f,0f,0f,0f,0f,1f,0.0081f,0.7023f,0f,0.0081f,-1f,0.0143f,0f,0f,0f,1f],start_interpolation: 0,interpolation_duration: 1}
$data merge entity $(bone_arm_right) {transformation: [-0.9601f,0.0724f,0.27f,-0.1875f,0.0936f,0.9934f,0.0665f,0.6711f,-0.2634f,0.0892f,-0.9605f,0.012f,0f,0f,0f,1f],start_interpolation: 0,interpolation_duration: 1}
$data merge entity $(bone_arm_left) {transformation: [-0.96f,-0.0726f,-0.2706f,0.1875f,-0.0933f,0.9935f,0.0647f,0.6399f,0.2642f,0.0874f,-0.9605f,0.0097f,0f,0f,0f,1f],start_interpolation: 0,interpolation_duration: 1}
$data merge entity $(bone_body) {transformation: [-1f,0f,0f,0f,0f,0.9973f,0.074f,0.266f,0f,0.074f,-0.9973f,-0.018f,0f,0f,0f,1f],start_interpolation: 0,interpolation_duration: 1}
$data merge entity $(bone_leg_left) {transformation: [-1f,0f,0f,0.0813f,0f,1f,0.0084f,0.3065f,0f,0.0084f,-1f,0.003f,0f,0f,0f,1f],start_interpolation: 0,interpolation_duration: 1}
$data merge entity $(bone_leg_right) {transformation: [-1f,0f,0f,-0.1062f,0f,1f,0.0084f,0.3065f,0f,0.0084f,-1f,0.003f,0f,0f,0f,1f],start_interpolation: 0,interpolation_duration: 1}