# This file was generated by Animated Java via MC-Build. It is not recommended to edit this file directly.
$data merge entity $(bone_hair) {transformation: [-1f,0f,0f,0f,0f,0.9996f,0.0291f,1.4584f,0f,0.0291f,-0.9996f,0.038f,0f,0f,0f,1f],start_interpolation: 0,interpolation_duration: 1}
$data merge entity $(bone_head) {transformation: [-1f,0f,0f,0f,0f,0.9996f,0.0291f,0.7087f,0f,0.0291f,-0.9996f,0.0162f,0f,0f,0f,1f],start_interpolation: 0,interpolation_duration: 1}
$data merge entity $(bone_arm_right) {transformation: [-0.9648f,0.0704f,0.2535f,-0.1875f,0.0925f,0.9928f,0.0764f,0.6776f,-0.2463f,0.0972f,-0.9643f,0.0139f,0f,0f,0f,1f],start_interpolation: 0,interpolation_duration: 1}
$data merge entity $(bone_arm_left) {transformation: [-0.9645f,-0.0706f,-0.2545f,0.1875f,-0.092f,0.9931f,0.0731f,0.6464f,0.2476f,0.0939f,-0.9643f,0.0117f,0f,0f,0f,1f],start_interpolation: 0,interpolation_duration: 1}
$data merge entity $(bone_body) {transformation: [-1f,0f,0f,0f,0f,0.9973f,0.0728f,0.2724f,0f,0.0728f,-0.9973f,-0.0156f,0f,0f,0f,1f],start_interpolation: 0,interpolation_duration: 1}
$data merge entity $(bone_leg_left) {transformation: [-1f,0f,0f,0.0813f,0f,1f,0.0073f,0.3074f,0f,0.0073f,-1f,0.0025f,0f,0f,0f,1f],start_interpolation: 0,interpolation_duration: 1}
$data merge entity $(bone_leg_right) {transformation: [-1f,0f,0f,-0.1062f,0f,1f,0.0073f,0.3074f,0f,0.0073f,-1f,0.0025f,0f,0f,0f,1f],start_interpolation: 0,interpolation_duration: 1}