# This file was generated by Animated Java via MC-Build. It is not recommended to edit this file directly.
$data merge entity $(bone_hair) {transformation: [-1f,0f,0f,0f,0f,0.9986f,0.0523f,1.4664f,0f,0.0523f,-0.9986f,0.0575f,0f,0f,0f,1f],start_interpolation: 0,interpolation_duration: 1}
$data merge entity $(bone_head) {transformation: [-1f,0f,0f,0f,0f,0.9986f,0.0523f,0.7174f,0f,0.0523f,-0.9986f,0.0183f,0f,0f,0f,1f],start_interpolation: 0,interpolation_duration: 1}
$data merge entity $(bone_arm_right) {transformation: [-0.9703f,0.0685f,0.232f,-0.1875f,0.0903f,0.9923f,0.0848f,0.6862f,-0.2244f,0.1033f,-0.969f,0.0161f,0f,0f,0f,1f],start_interpolation: 0,interpolation_duration: 1}
$data merge entity $(bone_arm_left) {transformation: [-0.9701f,-0.0686f,-0.2329f,0.1875f,-0.0899f,0.9926f,0.082f,0.6551f,0.2255f,0.1005f,-0.969f,0.0139f,0f,0f,0f,1f],start_interpolation: 0,interpolation_duration: 1}
$data merge entity $(bone_body) {transformation: [-1f,0f,0f,0f,0f,0.9975f,0.0701f,0.281f,0f,0.0701f,-0.9975f,-0.0124f,0f,0f,0f,1f],start_interpolation: 0,interpolation_duration: 1}
$data merge entity $(bone_leg_left) {transformation: [-1f,0f,0f,0.0813f,0f,1f,0.0057f,0.3086f,0f,0.0057f,-1f,0.002f,0f,0f,0f,1f],start_interpolation: 0,interpolation_duration: 1}
$data merge entity $(bone_leg_right) {transformation: [-1f,0f,0f,-0.1062f,0f,1f,0.0057f,0.3086f,0f,0.0057f,-1f,0.002f,0f,0f,0f,1f],start_interpolation: 0,interpolation_duration: 1}