# This file was generated by Animated Java via MC-Build. It is not recommended to edit this file directly.
$data merge entity $(bone_hair) {transformation: [-1f,0f,0f,0f,0f,0.998f,0.0632f,1.4705f,0f,0.0632f,-0.998f,0.0666f,0f,0f,0f,1f],start_interpolation: 0,interpolation_duration: 1}
$data merge entity $(bone_head) {transformation: [-1f,0f,0f,0f,0f,0.998f,0.0632f,0.722f,0f,0.0632f,-0.998f,0.0191f,0f,0f,0f,1f],start_interpolation: 0,interpolation_duration: 1}
$data merge entity $(bone_arm_right) {transformation: [-0.973f,0.0678f,0.2206f,-0.1875f,0.0891f,0.9921f,0.0879f,0.6909f,-0.2129f,0.1052f,-0.9714f,0.017f,0f,0f,0f,1f],start_interpolation: 0,interpolation_duration: 1}
$data merge entity $(bone_arm_left) {transformation: [-0.9728f,-0.0679f,-0.2213f,0.1875f,-0.0887f,0.9924f,0.0857f,0.6597f,0.2138f,0.1031f,-0.9714f,0.0149f,0f,0f,0f,1f],start_interpolation: 0,interpolation_duration: 1}
$data merge entity $(bone_body) {transformation: [-1f,0f,0f,0f,0f,0.9977f,0.0682f,0.2856f,0f,0.0682f,-0.9977f,-0.0107f,0f,0f,0f,1f],start_interpolation: 0,interpolation_duration: 1}
$data merge entity $(bone_leg_left) {transformation: [-1f,0f,0f,0.0813f,0f,1f,0.0049f,0.3092f,0f,0.0049f,-1f,0.0016f,0f,0f,0f,1f],start_interpolation: 0,interpolation_duration: 1}
$data merge entity $(bone_leg_right) {transformation: [-1f,0f,0f,-0.1062f,0f,1f,0.0049f,0.3092f,0f,0.0049f,-1f,0.0016f,0f,0f,0f,1f],start_interpolation: 0,interpolation_duration: 1}