# This file was generated by Animated Java via MC-Build. It is not recommended to edit this file directly.
$data merge entity $(bone_hair) {transformation: [-1f,0f,0f,0f,0f,0.9968f,0.0803f,1.4784f,0f,0.0803f,-0.9968f,0.0805f,0f,0f,0f,1f],start_interpolation: 0,interpolation_duration: 1}
$data merge entity $(bone_head) {transformation: [-1f,0f,0f,0f,0f,0.9968f,0.0803f,0.7308f,0f,0.0803f,-0.9968f,0.0202f,0f,0f,0f,1f],start_interpolation: 0,interpolation_duration: 1}
$data merge entity $(bone_arm_right) {transformation: [-0.9777f,0.067f,0.1991f,-0.1875f,0.0865f,0.9921f,0.0908f,0.6996f,-0.1914f,0.106f,-0.9758f,0.0182f,0f,0f,0f,1f],start_interpolation: 0,interpolation_duration: 1}
$data merge entity $(bone_arm_left) {transformation: [-0.9776f,-0.067f,-0.1993f,0.1875f,-0.0863f,0.9922f,0.0901f,0.6684f,0.1917f,0.1053f,-0.9758f,0.0163f,0f,0f,0f,1f],start_interpolation: 0,interpolation_duration: 1}
$data merge entity $(bone_body) {transformation: [-1f,0f,0f,0f,0f,0.998f,0.0633f,0.2942f,0f,0.0633f,-0.998f,-0.0075f,0f,0f,0f,1f],start_interpolation: 0,interpolation_duration: 1}
$data merge entity $(bone_leg_left) {transformation: [-1f,0f,0f,0.0813f,0f,1f,0.0034f,0.3104f,0f,0.0034f,-1f,0.0011f,0f,0f,0f,1f],start_interpolation: 0,interpolation_duration: 1}
$data merge entity $(bone_leg_right) {transformation: [-1f,0f,0f,-0.1062f,0f,1f,0.0034f,0.3104f,0f,0.0034f,-1f,0.0011f,0f,0f,0f,1f],start_interpolation: 0,interpolation_duration: 1}