# This file was generated by Animated Java via MC-Build. It is not recommended to edit this file directly.
$data merge entity $(bone_hair) {transformation: [-1f,0f,0f,0f,0f,0.9964f,0.0853f,1.4817f,0f,0.0853f,-0.9964f,0.0842f,0f,0f,0f,1f],start_interpolation: 0,interpolation_duration: 1}
$data merge entity $(bone_head) {transformation: [-1f,0f,0f,0f,0f,0.9964f,0.0853f,0.7345f,0f,0.0853f,-0.9964f,0.0202f,0f,0f,0f,1f],start_interpolation: 0,interpolation_duration: 1}
$data merge entity $(bone_arm_right) {transformation: [-0.9795f,0.0669f,0.1899f,-0.1875f,0.0852f,0.9923f,0.0903f,0.7033f,-0.1824f,0.1046f,-0.9776f,0.0184f,0f,0f,0f,1f],start_interpolation: 0,interpolation_duration: 1}
$data merge entity $(bone_arm_left) {transformation: [-0.9795f,-0.0669f,-0.1899f,0.1875f,-0.0852f,0.9923f,0.0901f,0.6721f,0.1825f,0.1044f,-0.9777f,0.0165f,0f,0f,0f,1f],start_interpolation: 0,interpolation_duration: 1}
$data merge entity $(bone_body) {transformation: [-1f,0f,0f,0f,0f,0.9982f,0.0602f,0.2978f,0f,0.0602f,-0.9982f,-0.0061f,0f,0f,0f,1f],start_interpolation: 0,interpolation_duration: 1}
$data merge entity $(bone_leg_left) {transformation: [-1f,0f,0f,0.0813f,0f,1f,0.0028f,0.3109f,0f,0.0028f,-1f,0.0008f,0f,0f,0f,1f],start_interpolation: 0,interpolation_duration: 1}
$data merge entity $(bone_leg_right) {transformation: [-1f,0f,0f,-0.1062f,0f,1f,0.0028f,0.3109f,0f,0.0028f,-1f,0.0008f,0f,0f,0f,1f],start_interpolation: 0,interpolation_duration: 1}