# This file was generated by Animated Java via MC-Build. It is not recommended to edit this file directly.
$data merge entity $(bone_hair) {transformation: [-1f,0f,0f,0f,0f,0.9962f,0.0872f,1.4846f,0f,0.0872f,-0.9962f,0.0852f,0f,0f,0f,1f],start_interpolation: 0,interpolation_duration: 1}
$data merge entity $(bone_head) {transformation: [-1f,0f,0f,0f,0f,0.9962f,0.0872f,0.7374f,0f,0.0872f,-0.9962f,0.0198f,0f,0f,0f,1f],start_interpolation: 0,interpolation_duration: 1}
$data merge entity $(bone_arm_right) {transformation: [-0.9809f,0.067f,0.1824f,-0.1875f,0.0842f,0.9926f,0.0881f,0.7062f,-0.1752f,0.1017f,-0.9793f,0.018f,0f,0f,0f,1f],start_interpolation: 0,interpolation_duration: 1}
$data merge entity $(bone_arm_left) {transformation: [-0.9809f,-0.067f,-0.1824f,0.1875f,-0.0842f,0.9926f,0.0881f,0.675f,0.1752f,0.1017f,-0.9793f,0.0163f,0f,0f,0f,1f],start_interpolation: 0,interpolation_duration: 1}
$data merge entity $(bone_body) {transformation: [-1f,0f,0f,0f,0f,0.9984f,0.0567f,0.3006f,0f,0.0567f,-0.9984f,-0.005f,0f,0f,0f,1f],start_interpolation: 0,interpolation_duration: 1}
$data merge entity $(bone_leg_left) {transformation: [-1f,0f,0f,0.0813f,0f,1f,0.0023f,0.3112f,0f,0.0023f,-1f,0.0006f,0f,0f,0f,1f],start_interpolation: 0,interpolation_duration: 1}
$data merge entity $(bone_leg_right) {transformation: [-1f,0f,0f,-0.1062f,0f,1f,0.0023f,0.3112f,0f,0.0023f,-1f,0.0006f,0f,0f,0f,1f],start_interpolation: 0,interpolation_duration: 1}