# This file was generated by Animated Java via MC-Build. It is not recommended to edit this file directly.
$data merge entity $(bone_hair) {transformation: [-1f,0f,0f,0f,0f,0.9964f,0.0853f,1.4872f,0f,0.0853f,-0.9964f,0.0828f,0f,0f,0f,1f],start_interpolation: 0,interpolation_duration: 1}
$data merge entity $(bone_head) {transformation: [-1f,0f,0f,0f,0f,0.9964f,0.0853f,0.7399f,0f,0.0853f,-0.9964f,0.0187f,0f,0f,0f,1f],start_interpolation: 0,interpolation_duration: 1}
$data merge entity $(bone_arm_right) {transformation: [-0.9821f,0.0674f,0.1759f,-0.1875f,0.0831f,0.993f,0.0835f,0.7087f,-0.169f,0.0967f,-0.9809f,0.0171f,0f,0f,0f,1f],start_interpolation: 0,interpolation_duration: 1}
$data merge entity $(bone_arm_left) {transformation: [-0.9821f,-0.0674f,-0.176f,0.1875f,-0.083f,0.9931f,0.0833f,0.6775f,0.1691f,0.0965f,-0.9809f,0.0155f,0f,0f,0f,1f],start_interpolation: 0,interpolation_duration: 1}
$data merge entity $(bone_body) {transformation: [-1f,0f,0f,0f,0f,0.9986f,0.0521f,0.303f,0f,0.0521f,-0.9986f,-0.0041f,0f,0f,0f,1f],start_interpolation: 0,interpolation_duration: 1}
$data merge entity $(bone_leg_left) {transformation: [-1f,0f,0f,0.0813f,0f,1f,0.0018f,0.3116f,0f,0.0018f,-1f,0.0005f,0f,0f,0f,1f],start_interpolation: 0,interpolation_duration: 1}
$data merge entity $(bone_leg_right) {transformation: [-1f,0f,0f,-0.1062f,0f,1f,0.0018f,0.3116f,0f,0.0018f,-1f,0.0005f,0f,0f,0f,1f],start_interpolation: 0,interpolation_duration: 1}