# This file was generated by Animated Java via MC-Build. It is not recommended to edit this file directly.
$data merge entity $(bone_hair) {transformation: [-1f,0f,0f,0f,0f,0.9974f,0.0728f,1.4928f,0f,0.0728f,-0.9974f,0.0694f,0f,0f,0f,1f],start_interpolation: 0,interpolation_duration: 1}
$data merge entity $(bone_head) {transformation: [-1f,0f,0f,0f,0f,0.9974f,0.0728f,0.7448f,0f,0.0728f,-0.9974f,0.0149f,0f,0f,0f,1f],start_interpolation: 0,interpolation_duration: 1}
$data merge entity $(bone_arm_right) {transformation: [-0.9842f,0.0687f,0.1629f,-0.1875f,0.0806f,0.9945f,0.0676f,0.7135f,-0.1574f,0.0797f,-0.9843f,0.0136f,0f,0f,0f,1f],start_interpolation: 0,interpolation_duration: 1}
$data merge entity $(bone_arm_left) {transformation: [-0.9842f,-0.0686f,-0.1634f,0.1875f,-0.0804f,0.9946f,0.0662f,0.6823f,0.158f,0.0782f,-0.9843f,0.0124f,0f,0f,0f,1f],start_interpolation: 0,interpolation_duration: 1}
$data merge entity $(bone_body) {transformation: [-1f,0f,0f,0f,0f,0.9992f,0.0391f,0.3076f,0f,0.0391f,-0.9992f,-0.0022f,0f,0f,0f,1f],start_interpolation: 0,interpolation_duration: 1}
$data merge entity $(bone_leg_left) {transformation: [-1f,0f,0f,0.0813f,0f,1f,0.001f,0.3121f,0f,0.001f,-1f,0.0002f,0f,0f,0f,1f],start_interpolation: 0,interpolation_duration: 1}
$data merge entity $(bone_leg_right) {transformation: [-1f,0f,0f,-0.1062f,0f,1f,0.001f,0.3121f,0f,0.001f,-1f,0.0002f,0f,0f,0f,1f],start_interpolation: 0,interpolation_duration: 1}