# This file was generated by Animated Java via MC-Build. It is not recommended to edit this file directly.
$data merge entity $(bone_hair) {transformation: [-1f,0f,0f,0f,0f,0.9988f,-0.0491f,1.4666f,0f,-0.0491f,-0.9988f,-0.0298f,0f,0f,0f,1f],start_interpolation: 0,interpolation_duration: 1}
$data merge entity $(bone_head) {transformation: [-1f,0f,0f,0f,0f,0.9988f,-0.0491f,0.7175f,0f,-0.0491f,-0.9988f,0.0071f,0f,0f,0f,1f],start_interpolation: 0,interpolation_duration: 1}
$data merge entity $(bone_arm_right) {transformation: [-0.9664f,0.078f,0.245f,-0.1875f,0.0772f,0.9969f,-0.0129f,0.6863f,-0.2452f,0.0065f,-0.9694f,0.0057f,0f,0f,0f,1f],start_interpolation: 0,interpolation_duration: 1}
$data merge entity $(bone_arm_left) {transformation: [-0.9698f,-0.0753f,-0.232f,0.1875f,-0.0842f,0.996f,0.0284f,0.6551f,0.2289f,0.047f,-0.9723f,0.0043f,0f,0f,0f,1f],start_interpolation: 0,interpolation_duration: 1}
$data merge entity $(bone_body) {transformation: [-1f,0f,0f,0f,0f,0.999f,0.0445f,0.2804f,0f,0.0445f,-0.999f,-0.0124f,0f,0f,0f,1f],start_interpolation: 0,interpolation_duration: 1}
$data merge entity $(bone_leg_left) {transformation: [-1f,0f,0f,0.0813f,0f,1f,0.0058f,0.3084f,0f,0.0058f,-1f,0.0021f,0f,0f,0f,1f],start_interpolation: 0,interpolation_duration: 1}
$data merge entity $(bone_leg_right) {transformation: [-1f,0f,0f,-0.1062f,0f,1f,0.0058f,0.3084f,0f,0.0058f,-1f,0.0021f,0f,0f,0f,1f],start_interpolation: 0,interpolation_duration: 1}