# This file was generated by Animated Java via MC-Build. It is not recommended to edit this file directly.
$data merge entity $(bone_ear_left) {transformation: [-0.9999f,0.0109f,0.0102f,0.1314f,0.0113f,0.9994f,0.0324f,0.6458f,-0.0098f,0.0326f,-0.9994f,0.5131f,0f,0f,0f,1f],start_interpolation: 0,interpolation_duration: 1}
$data merge entity $(bone_ear_right) {transformation: [-0.9999f,-0.0109f,-0.0102f,-0.1313f,-0.0113f,0.9994f,0.0324f,0.6458f,0.0098f,0.0326f,-0.9994f,0.5131f,0f,0f,0f,1f],start_interpolation: 0,interpolation_duration: 1}
$data merge entity $(bone_head) {transformation: [-1f,0f,0f,0f,0f,0.9996f,0.0294f,0.6518f,0f,0.0294f,-0.9996f,0.3828f,0f,0f,0f,1f],start_interpolation: 0,interpolation_duration: 1}
$data merge entity $(bone_tail) {transformation: [-1f,0f,0f,0f,0f,0.9998f,0.0213f,0.636f,0f,0.0213f,-0.9998f,-0.3496f,0f,0f,0f,1f],start_interpolation: 0,interpolation_duration: 1}
$data merge entity $(bone_body) {transformation: [-1f,0f,0f,0f,0f,0.9998f,0.0213f,0.4376f,0f,0.0213f,-0.9998f,0.0093f,0f,0f,0f,1f],start_interpolation: 0,interpolation_duration: 1}
$data merge entity $(bone_leg_left) {transformation: [-1f,-0.0012f,-0.0007f,0.1875f,-0.0014f,0.9311f,0.3648f,0.2367f,0.0002f,0.3648f,-0.9311f,0.3126f,0f,0f,0f,1f],start_interpolation: 0,interpolation_duration: 1}
$data merge entity $(bone_leg_right) {transformation: [-1f,0f,0f,-0.1875f,0f,0.9476f,-0.3194f,0.2489f,0f,-0.3194f,-0.9476f,0.3171f,0f,0f,0f,1f],start_interpolation: 0,interpolation_duration: 1}
$data merge entity $(bone_leg2_left) {transformation: [-1f,0f,0f,0.1875f,0f,0.9972f,-0.0744f,0.2424f,0f,-0.0744f,-0.9972f,-0.2694f,0f,0f,0f,1f],start_interpolation: 0,interpolation_duration: 1}
$data merge entity $(bone_leg2_right) {transformation: [-1f,0f,0f,-0.1875f,0f,0.9999f,0.0163f,0.1951f,0f,0.0163f,-0.9999f,-0.2847f,0f,0f,0f,1f],start_interpolation: 0,interpolation_duration: 1}