# This file was generated by Animated Java via MC-Build. It is not recommended to edit this file directly.
$data merge entity $(bone_ear_left) {transformation: [-0.965f,0.1138f,0.2363f,0.1314f,0.1323f,0.9891f,0.0639f,0.6603f,-0.2265f,0.0929f,-0.9696f,0.4847f,0f,0f,0f,1f],start_interpolation: 0,interpolation_duration: 1}
$data merge entity $(bone_ear_right) {transformation: [-0.965f,-0.1138f,-0.2363f,-0.1313f,-0.1323f,0.9891f,0.0639f,0.6603f,0.2265f,0.0929f,-0.9696f,0.4847f,0f,0f,0f,1f],start_interpolation: 0,interpolation_duration: 1}
$data merge entity $(bone_head) {transformation: [-1f,0f,0f,0f,0f,0.9983f,0.0578f,0.6701f,0f,0.0578f,-0.9983f,0.3547f,0f,0f,0f,1f],start_interpolation: 0,interpolation_duration: 1}
$data merge entity $(bone_tail) {transformation: [-1f,0f,0f,0f,0f,0.9998f,-0.0213f,0.6231f,0f,-0.0213f,-0.9998f,-0.3764f,0f,0f,0f,1f],start_interpolation: 0,interpolation_duration: 1}
$data merge entity $(bone_body) {transformation: [-1f,0f,0f,0f,0f,0.9998f,-0.0213f,0.4402f,0f,-0.0213f,-0.9998f,-0.0093f,0f,0f,0f,1f],start_interpolation: 0,interpolation_duration: 1}
$data merge entity $(bone_leg_left) {transformation: [-1f,0f,0f,0.1875f,0f,0.9718f,-0.2356f,0.2916f,0f,-0.2356f,-0.9718f,0.3121f,0f,0f,0f,1f],start_interpolation: 0,interpolation_duration: 1}
$data merge entity $(bone_leg_right) {transformation: [-1f,0f,0f,-0.1875f,0f,0.9811f,0.1933f,0.2469f,0f,0.1933f,-0.9811f,0.3053f,0f,0f,0f,1f],start_interpolation: 0,interpolation_duration: 1}
$data merge entity $(bone_leg2_left) {transformation: [-1f,0f,0f,0.1875f,0f,0.951f,-0.3092f,0.1718f,0f,-0.3092f,-0.951f,-0.238f,0f,0f,0f,1f],start_interpolation: 0,interpolation_duration: 1}
$data merge entity $(bone_leg2_right) {transformation: [-1f,0f,0f,-0.1875f,0f,0.9634f,0.2682f,0.1948f,0f,0.2682f,-0.9634f,-0.326f,0f,0f,0f,1f],start_interpolation: 0,interpolation_duration: 1}