# This file was generated by Animated Java via MC-Build. It is not recommended to edit this file directly.
$data merge entity $(bone_ear_left) {transformation: [-0.9974f,0.0331f,0.0638f,0.1314f,0.0359f,0.9984f,0.0444f,0.6494f,-0.0623f,0.0466f,-0.997f,0.5061f,0f,0f,0f,1f],start_interpolation: 0,interpolation_duration: 1}
$data merge entity $(bone_ear_right) {transformation: [-0.9974f,-0.0331f,-0.0638f,-0.1313f,-0.0359f,0.9984f,0.0444f,0.6494f,0.0623f,0.0466f,-0.997f,0.5061f,0f,0f,0f,1f],start_interpolation: 0,interpolation_duration: 1}
$data merge entity $(bone_head) {transformation: [-1f,0f,0f,0f,0f,0.9993f,0.0365f,0.6563f,0f,0.0365f,-0.9993f,0.3758f,0f,0f,0f,1f],start_interpolation: 0,interpolation_duration: 1}
$data merge entity $(bone_tail) {transformation: [-1f,0f,0f,0f,0f,0.9999f,0.0107f,0.6327f,0f,0.0107f,-0.9999f,-0.3564f,0f,0f,0f,1f],start_interpolation: 0,interpolation_duration: 1}
$data merge entity $(bone_body) {transformation: [-1f,0f,0f,0f,0f,0.9999f,0.0107f,0.4382f,0f,0.0107f,-0.9999f,0.0047f,0f,0f,0f,1f],start_interpolation: 0,interpolation_duration: 1}
$data merge entity $(bone_leg_left) {transformation: [-1f,0f,0f,0.1875f,0f,0.9576f,-0.2882f,0.2614f,0f,-0.2882f,-0.9576f,0.3151f,0f,0f,0f,1f],start_interpolation: 0,interpolation_duration: 1}
$data merge entity $(bone_leg_right) {transformation: [-1f,0f,0f,-0.1875f,0f,0.951f,0.3093f,0.2407f,0f,0.3093f,-0.951f,0.3135f,0f,0f,0f,1f],start_interpolation: 0,interpolation_duration: 1}
$data merge entity $(bone_leg2_left) {transformation: [-1f,0f,0f,0.1875f,0f,0.9996f,-0.0297f,0.1899f,0f,-0.0297f,-0.9996f,-0.2697f,0f,0f,0f,1f],start_interpolation: 0,interpolation_duration: 1}
$data merge entity $(bone_leg2_right) {transformation: [-1f,0f,0f,-0.1875f,0f,1f,0.007f,0.2332f,0f,0.007f,-1f,-0.2847f,0f,0f,0f,1f],start_interpolation: 0,interpolation_duration: 1}