# This file was generated by Animated Java via MC-Build. It is not recommended to edit this file directly.
$data merge entity $(bone_ear_left) {transformation: [-0.9546f,0.1203f,0.2725f,0.1314f,0.1412f,0.9883f,0.0582f,0.6603f,-0.2623f,0.094f,-0.9604f,0.4847f,0f,0f,0f,1f],start_interpolation: 0,interpolation_duration: 1}
$data merge entity $(bone_ear_right) {transformation: [-0.9546f,-0.1203f,-0.2725f,-0.1313f,-0.1412f,0.9883f,0.0582f,0.6603f,0.2623f,0.094f,-0.9604f,0.4847f,0f,0f,0f,1f],start_interpolation: 0,interpolation_duration: 1}
$data merge entity $(bone_head) {transformation: [-1f,0f,0f,0f,0f,0.9983f,0.0578f,0.6701f,0f,0.0578f,-0.9983f,0.3547f,0f,0f,0f,1f],start_interpolation: 0,interpolation_duration: 1}
$data merge entity $(bone_tail) {transformation: [-1f,0f,0f,0f,0f,0.9998f,-0.0213f,0.6231f,0f,-0.0213f,-0.9998f,-0.3764f,0f,0f,0f,1f],start_interpolation: 0,interpolation_duration: 1}
$data merge entity $(bone_body) {transformation: [-1f,0f,0f,0f,0f,0.9998f,-0.0213f,0.4402f,0f,-0.0213f,-0.9998f,-0.0093f,0f,0f,0f,1f],start_interpolation: 0,interpolation_duration: 1}
$data merge entity $(bone_leg_left) {transformation: [-0.9996f,0.0286f,0.004f,0.1877f,0.0283f,0.9978f,-0.06f,0.2411f,-0.0057f,-0.0599f,-0.9982f,0.3175f,0f,0f,0f,1f],start_interpolation: 0,interpolation_duration: 1}
$data merge entity $(bone_leg_right) {transformation: [-1f,0f,0f,-0.1875f,0f,0.9926f,-0.1212f,0.2915f,0f,-0.1212f,-0.9926f,0.3128f,0f,0f,0f,1f],start_interpolation: 0,interpolation_duration: 1}
$data merge entity $(bone_leg2_left) {transformation: [-1f,0f,0f,0.1875f,0f,0.9554f,0.2953f,0.1739f,0f,0.2953f,-0.9554f,-0.3376f,0f,0f,0f,1f],start_interpolation: 0,interpolation_duration: 1}
$data merge entity $(bone_leg2_right) {transformation: [-1f,0f,0f,-0.1875f,0f,0.9248f,-0.3804f,0.1797f,0f,-0.3804f,-0.9248f,-0.2368f,0f,0f,0f,1f],start_interpolation: 0,interpolation_duration: 1}