# This file was generated by Animated Java via MC-Build. It is not recommended to edit this file directly.
$data merge entity $(bone_ear_left) {transformation: [-0.9553f,0.1204f,0.2699f,0.1314f,0.1411f,0.9883f,0.0586f,0.6603f,-0.2596f,0.0941f,-0.9611f,0.4847f,0f,0f,0f,1f],start_interpolation: 0,interpolation_duration: 1}
$data merge entity $(bone_ear_right) {transformation: [-0.9553f,-0.1204f,-0.2699f,-0.1313f,-0.1411f,0.9883f,0.0586f,0.6603f,0.2596f,0.0941f,-0.9611f,0.4847f,0f,0f,0f,1f],start_interpolation: 0,interpolation_duration: 1}
$data merge entity $(bone_head) {transformation: [-1f,0f,0f,0f,0f,0.9983f,0.0578f,0.6701f,0f,0.0578f,-0.9983f,0.3547f,0f,0f,0f,1f],start_interpolation: 0,interpolation_duration: 1}
$data merge entity $(bone_tail) {transformation: [-1f,0f,0f,0f,0f,0.9998f,-0.0213f,0.6231f,0f,-0.0213f,-0.9998f,-0.3764f,0f,0f,0f,1f],start_interpolation: 0,interpolation_duration: 1}
$data merge entity $(bone_body) {transformation: [-1f,0f,0f,0f,0f,0.9998f,-0.0213f,0.4402f,0f,-0.0213f,-0.9998f,-0.0093f,0f,0f,0f,1f],start_interpolation: 0,interpolation_duration: 1}
$data merge entity $(bone_leg_left) {transformation: [-0.9996f,0.0278f,0.0075f,0.1877f,0.0283f,0.9975f,0.0651f,0.2397f,-0.0057f,0.0653f,-0.9978f,0.2992f,0f,0f,0f,1f],start_interpolation: 0,interpolation_duration: 1}
$data merge entity $(bone_leg_right) {transformation: [-1f,0f,0f,-0.1875f,0f,0.9718f,-0.2356f,0.2912f,0f,-0.2356f,-0.9718f,0.3123f,0f,0f,0f,1f],start_interpolation: 0,interpolation_duration: 1}
$data merge entity $(bone_leg2_left) {transformation: [-1f,0f,0f,0.1875f,0f,0.9634f,0.2682f,0.186f,0f,0.2682f,-0.9634f,-0.3274f,0f,0f,0f,1f],start_interpolation: 0,interpolation_duration: 1}
$data merge entity $(bone_leg2_right) {transformation: [-1f,0f,0f,-0.1875f,0f,0.9571f,-0.2897f,0.1736f,0f,-0.2897f,-0.9571f,-0.2323f,0f,0f,0f,1f],start_interpolation: 0,interpolation_duration: 1}