# This file was generated by Animated Java via MC-Build. It is not recommended to edit this file directly.
$data merge entity $(bone_hair) {transformation: [-1f,-0.0031f,0.0027f,0.0081f,-0.0031f,1f,-0.0008f,1.4992f,-0.0027f,-0.0008f,-1f,0.0004f,0f,0f,0f,1f],start_interpolation: 0,interpolation_duration: 1}
$data merge entity $(bone_head) {transformation: [-1f,-0.0031f,0.0027f,0.0087f,-0.0031f,1f,-0.0008f,1.3117f,-0.0027f,-0.0008f,-1f,0.0005f,0f,0f,0f,1f],start_interpolation: 0,interpolation_duration: 1}
$data merge entity $(bone_arm_right) {transformation: [-0.9849f,0.1093f,0.1343f,-0.2927f,0.1105f,0.9939f,0.0017f,1.1936f,-0.1333f,0.0165f,-0.9909f,-0.0156f,0f,0f,0f,1f],start_interpolation: 0,interpolation_duration: 1}
$data merge entity $(bone_arm_left) {transformation: [-0.9842f,-0.1239f,-0.1265f,0.3121f,-0.125f,0.9922f,0.0002f,1.1991f,0.1255f,0.0161f,-0.992f,-0.0156f,0f,0f,0f,1f],start_interpolation: 0,interpolation_duration: 1}
$data merge entity $(bone_body) {transformation: [-1f,-0.009f,0f,0.0137f,-0.009f,1f,0.0009f,0.7492f,0f,0.0009f,-1f,0f,0f,0f,0f,1f],start_interpolation: 0,interpolation_duration: 1}
$data merge entity $(bone_leg_left) {transformation: [-0.9925f,-0.0551f,0.1087f,0.1387f,-0.0547f,0.9985f,0.0067f,0.5623f,-0.1089f,0.0007f,-0.9941f,0.0004f,0f,0f,0f,1f],start_interpolation: 0,interpolation_duration: 1}
$data merge entity $(bone_leg_right) {transformation: [-0.9891f,0.0626f,-0.1331f,-0.1112f,0.0622f,0.998f,0.0075f,0.5622f,0.1334f,-0.0008f,-0.9911f,0f,0f,0f,0f,1f],start_interpolation: 0,interpolation_duration: 1}