# This file was generated by Animated Java via MC-Build. It is not recommended to edit this file directly.
$data merge entity $(bone_hair) {transformation: [-0.9984f,-0.0346f,0.0451f,0.0222f,-0.0352f,0.9993f,-0.0127f,1.4842f,-0.0446f,-0.0142f,-0.9989f,0.0072f,0f,0f,0f,1f],start_interpolation: 0,interpolation_duration: 1}
$data merge entity $(bone_head) {transformation: [-0.9984f,-0.0346f,0.0451f,0.0287f,-0.0352f,0.9993f,-0.0127f,1.2968f,-0.0446f,-0.0142f,-0.9989f,0.0099f,0f,0f,0f,1f],start_interpolation: 0,interpolation_duration: 1}
$data merge entity $(bone_arm_right) {transformation: [-0.9762f,0.1234f,0.1784f,-0.2721f,0.1277f,0.9917f,0.0131f,1.1773f,-0.1754f,0.0356f,-0.9839f,-0.0083f,0f,0f,0f,1f],start_interpolation: 0,interpolation_duration: 1}
$data merge entity $(bone_arm_left) {transformation: [-0.9902f,-0.1131f,-0.0819f,0.3327f,-0.1152f,0.9931f,0.0214f,1.1859f,0.079f,0.0306f,-0.9964f,-0.0083f,0f,0f,0f,1f],start_interpolation: 0,interpolation_duration: 1}
$data merge entity $(bone_body) {transformation: [-0.9999f,-0.0141f,-0.0002f,0.0366f,-0.0141f,0.9997f,0.0176f,0.7345f,0f,0.0176f,-0.9998f,0f,0f,0f,0f,1f],start_interpolation: 0,interpolation_duration: 1}
$data merge entity $(bone_leg_left) {transformation: [-0.9938f,-0.0257f,0.1084f,0.1608f,-0.024f,0.9996f,0.0169f,0.5578f,-0.1087f,0.0142f,-0.994f,0.0078f,0f,0f,0f,1f],start_interpolation: 0,interpolation_duration: 1}
$data merge entity $(bone_leg_right) {transformation: [-0.9901f,0.0929f,-0.1052f,-0.0871f,0.0929f,0.9957f,0.0049f,0.5564f,0.1052f,-0.005f,-0.9944f,0f,0f,0f,0f,1f],start_interpolation: 0,interpolation_duration: 1}