# This file was generated by Animated Java via MC-Build. It is not recommended to edit this file directly.
$data merge entity $(bone_hair) {transformation: [-0.9981f,-0.0372f,0.0492f,0.0241f,-0.0379f,0.9992f,-0.0134f,1.4824f,-0.0486f,-0.0152f,-0.9987f,0.0083f,0f,0f,0f,1f],start_interpolation: 0,interpolation_duration: 1}
$data merge entity $(bone_head) {transformation: [-0.9981f,-0.0372f,0.0492f,0.031f,-0.0379f,0.9992f,-0.0134f,1.2951f,-0.0486f,-0.0152f,-0.9987f,0.0111f,0f,0f,0f,1f],start_interpolation: 0,interpolation_duration: 1}
$data merge entity $(bone_arm_right) {transformation: [-0.9753f,0.1244f,0.1823f,-0.2697f,0.1292f,0.9915f,0.0147f,1.1754f,-0.1789f,0.0379f,-0.9831f,-0.0074f,0f,0f,0f,1f],start_interpolation: 0,interpolation_duration: 1}
$data merge entity $(bone_arm_left) {transformation: [-0.9906f,-0.1124f,-0.0781f,0.3352f,-0.1145f,0.9931f,0.0238f,1.1843f,0.0749f,0.0326f,-0.9967f,-0.0074f,0f,0f,0f,1f],start_interpolation: 0,interpolation_duration: 1}
$data merge entity $(bone_body) {transformation: [-0.9999f,-0.0147f,-0.0003f,0.0393f,-0.0147f,0.9997f,0.0198f,0.7328f,0f,0.0198f,-0.9998f,0f,0f,0f,0f,1f],start_interpolation: 0,interpolation_duration: 1}
$data merge entity $(bone_leg_left) {transformation: [-0.9939f,-0.0222f,0.1084f,0.1634f,-0.0203f,0.9996f,0.0181f,0.5573f,-0.1087f,0.0158f,-0.9939f,0.0086f,0f,0f,0f,1f],start_interpolation: 0,interpolation_duration: 1}
$data merge entity $(bone_leg_right) {transformation: [-0.9901f,0.0965f,-0.102f,-0.0842f,0.0966f,0.9953f,0.0044f,0.5558f,0.1019f,-0.0055f,-0.9948f,0f,0f,0f,0f,1f],start_interpolation: 0,interpolation_duration: 1}