# This file was generated by Animated Java via MC-Build. It is not recommended to edit this file directly.
$data merge entity $(bone_hair) {transformation: [-0.9976f,-0.041f,0.0553f,0.0275f,-0.0418f,0.999f,-0.0137f,1.4793f,-0.0547f,-0.016f,-0.9984f,0.0104f,0f,0f,0f,1f],start_interpolation: 0,interpolation_duration: 1}
$data merge entity $(bone_head) {transformation: [-0.9976f,-0.041f,0.0553f,0.0352f,-0.0418f,0.999f,-0.0137f,1.292f,-0.0547f,-0.016f,-0.9984f,0.0134f,0f,0f,0f,1f],start_interpolation: 0,interpolation_duration: 1}
$data merge entity $(bone_arm_right) {transformation: [-0.9741f,0.1258f,0.1879f,-0.2655f,0.1314f,0.9912f,0.018f,1.172f,-0.1839f,0.0423f,-0.982f,-0.0056f,0f,0f,0f,1f],start_interpolation: 0,interpolation_duration: 1}
$data merge entity $(bone_arm_left) {transformation: [-0.9911f,-0.1115f,-0.0726f,0.3395f,-0.1138f,0.9931f,0.0284f,1.1816f,0.069f,0.0364f,-0.997f,-0.0056f,0f,0f,0f,1f],start_interpolation: 0,interpolation_duration: 1}
$data merge entity $(bone_body) {transformation: [-0.9999f,-0.0158f,-0.0004f,0.0441f,-0.0158f,0.9996f,0.0238f,0.7297f,0f,0.0238f,-0.9997f,0f,0f,0f,0f,1f],start_interpolation: 0,interpolation_duration: 1}
$data merge entity $(bone_leg_left) {transformation: [-0.994f,-0.0161f,0.1084f,0.1679f,-0.014f,0.9997f,0.0203f,0.5563f,-0.1087f,0.0186f,-0.9939f,0.0101f,0f,0f,0f,1f],start_interpolation: 0,interpolation_duration: 1}
$data merge entity $(bone_leg_right) {transformation: [-0.99f,0.1028f,-0.0962f,-0.0792f,0.1029f,0.9947f,0.0036f,0.5546f,0.0961f,-0.0063f,-0.9954f,0f,0f,0f,0f,1f],start_interpolation: 0,interpolation_duration: 1}