# This file was generated by Animated Java via MC-Build. It is not recommended to edit this file directly.
$data merge entity $(bone_hair) {transformation: [-0.9975f,-0.0422f,0.057f,0.0289f,-0.043f,0.999f,-0.0133f,1.478f,-0.0564f,-0.0157f,-0.9983f,0.0115f,0f,0f,0f,1f],start_interpolation: 0,interpolation_duration: 1}
$data merge entity $(bone_head) {transformation: [-0.9975f,-0.0422f,0.057f,0.0368f,-0.043f,0.999f,-0.0133f,1.2907f,-0.0564f,-0.0157f,-0.9983f,0.0145f,0f,0f,0f,1f],start_interpolation: 0,interpolation_duration: 1}
$data merge entity $(bone_arm_right) {transformation: [-0.9738f,0.126f,0.1894f,-0.2637f,0.1321f,0.991f,0.0197f,1.1707f,-0.1852f,0.0442f,-0.9817f,-0.0047f,0f,0f,0f,1f],start_interpolation: 0,interpolation_duration: 1}
$data merge entity $(bone_arm_left) {transformation: [-0.9912f,-0.1114f,-0.0711f,0.3412f,-0.1138f,0.993f,0.0303f,1.1805f,0.0672f,0.0382f,-0.997f,-0.0047f,0f,0f,0f,1f],start_interpolation: 0,interpolation_duration: 1}
$data merge entity $(bone_body) {transformation: [-0.9999f,-0.0162f,-0.0004f,0.046f,-0.0162f,0.9995f,0.0257f,0.7285f,0f,0.0257f,-0.9997f,0f,0f,0f,0f,1f],start_interpolation: 0,interpolation_duration: 1}
$data merge entity $(bone_leg_left) {transformation: [-0.994f,-0.0136f,0.1084f,0.1698f,-0.0114f,0.9997f,0.0211f,0.5559f,-0.1087f,0.0197f,-0.9939f,0.0108f,0f,0f,0f,1f],start_interpolation: 0,interpolation_duration: 1}
$data merge entity $(bone_leg_right) {transformation: [-0.99f,0.1053f,-0.0939f,-0.0772f,0.1055f,0.9944f,0.0033f,0.5541f,0.0937f,-0.0067f,-0.9956f,0f,0f,0f,0f,1f],start_interpolation: 0,interpolation_duration: 1}