# This file was generated by Animated Java via MC-Build. It is not recommended to edit this file directly.
$data merge entity $(bone_hair) {transformation: [-0.9975f,-0.0427f,0.057f,0.0313f,-0.0434f,0.999f,-0.0108f,1.4762f,-0.0565f,-0.0132f,-0.9983f,0.0139f,0f,0f,0f,1f],start_interpolation: 0,interpolation_duration: 1}
$data merge entity $(bone_head) {transformation: [-0.9975f,-0.0427f,0.057f,0.0393f,-0.0434f,0.999f,-0.0108f,1.2889f,-0.0565f,-0.0132f,-0.9983f,0.0164f,0f,0f,0f,1f],start_interpolation: 0,interpolation_duration: 1}
$data merge entity $(bone_arm_right) {transformation: [-0.9739f,0.1254f,0.1893f,-0.2613f,0.1321f,0.991f,0.0232f,1.1687f,-0.1847f,0.0476f,-0.9816f,-0.0032f,0f,0f,0f,1f],start_interpolation: 0,interpolation_duration: 1}
$data merge entity $(bone_arm_left) {transformation: [-0.9912f,-0.112f,-0.0712f,0.3437f,-0.1146f,0.9928f,0.0337f,1.1789f,0.0669f,0.0416f,-0.9969f,-0.0032f,0f,0f,0f,1f],start_interpolation: 0,interpolation_duration: 1}
$data merge entity $(bone_body) {transformation: [-0.9999f,-0.0169f,-0.0005f,0.0487f,-0.0169f,0.9994f,0.0291f,0.7267f,0f,0.0291f,-0.9996f,0f,0f,0f,0f,1f],start_interpolation: 0,interpolation_duration: 1}
$data merge entity $(bone_leg_left) {transformation: [-0.994f,-0.0101f,0.1085f,0.1725f,-0.0077f,0.9997f,0.0223f,0.5554f,-0.1087f,0.0214f,-0.9938f,0.0116f,0f,0f,0f,1f],start_interpolation: 0,interpolation_duration: 1}
$data merge entity $(bone_leg_right) {transformation: [-0.9899f,0.109f,-0.0906f,-0.0743f,0.1092f,0.994f,0.0027f,0.5535f,0.0903f,-0.0072f,-0.9959f,0f,0f,0f,0f,1f],start_interpolation: 0,interpolation_duration: 1}