# This file was generated by Animated Java via MC-Build. It is not recommended to edit this file directly.
$data merge entity $(bone_hair) {transformation: [-0.9976f,-0.0422f,0.0553f,0.0323f,-0.0427f,0.9991f,-0.0085f,1.4755f,-0.0549f,-0.0108f,-0.9984f,0.0154f,0f,0f,0f,1f],start_interpolation: 0,interpolation_duration: 1}
$data merge entity $(bone_head) {transformation: [-0.9976f,-0.0422f,0.0553f,0.0403f,-0.0427f,0.9991f,-0.0085f,1.2881f,-0.0549f,-0.0108f,-0.9984f,0.0174f,0f,0f,0f,1f],start_interpolation: 0,interpolation_duration: 1}
$data merge entity $(bone_arm_right) {transformation: [-0.9743f,0.1245f,0.1877f,-0.2602f,0.1315f,0.991f,0.0253f,1.1679f,-0.1829f,0.0493f,-0.9819f,-0.0024f,0f,0f,0f,1f],start_interpolation: 0,interpolation_duration: 1}
$data merge entity $(bone_arm_left) {transformation: [-0.991f,-0.1128f,-0.0728f,0.3447f,-0.1156f,0.9927f,0.0354f,1.1782f,0.0683f,0.0435f,-0.9967f,-0.0024f,0f,0f,0f,1f],start_interpolation: 0,interpolation_duration: 1}
$data merge entity $(bone_body) {transformation: [-0.9999f,-0.0171f,-0.0005f,0.0499f,-0.0171f,0.9994f,0.031f,0.726f,0f,0.031f,-0.9995f,0f,0f,0f,0f,1f],start_interpolation: 0,interpolation_duration: 1}
$data merge entity $(bone_leg_left) {transformation: [-0.9941f,-0.0086f,0.1085f,0.1735f,-0.0062f,0.9997f,0.0229f,0.5551f,-0.1087f,0.022f,-0.9938f,0.012f,0f,0f,0f,1f],start_interpolation: 0,interpolation_duration: 1}
$data merge entity $(bone_leg_right) {transformation: [-0.9899f,0.1105f,-0.0892f,-0.0731f,0.1107f,0.9938f,0.0025f,0.5532f,0.0889f,-0.0074f,-0.996f,0f,0f,0f,0f,1f],start_interpolation: 0,interpolation_duration: 1}