# This file was generated by Animated Java via MC-Build. It is not recommended to edit this file directly.
$data merge entity $(bone_hair) {transformation: [-0.998f,-0.0398f,0.0491f,0.0345f,-0.0399f,0.9992f,-0.0021f,1.4742f,-0.049f,-0.0041f,-0.9988f,0.019f,0f,0f,0f,1f],start_interpolation: 0,interpolation_duration: 1}
$data merge entity $(bone_head) {transformation: [-0.998f,-0.0398f,0.0491f,0.0419f,-0.0399f,0.9992f,-0.0021f,1.2868f,-0.049f,-0.0041f,-0.9988f,0.0197f,0f,0f,0f,1f],start_interpolation: 0,interpolation_duration: 1}
$data merge entity $(bone_arm_right) {transformation: [-0.9757f,0.1217f,0.182f,-0.2585f,0.1292f,0.9912f,0.0303f,1.1666f,-0.1767f,0.0531f,-0.9828f,-0.0006f,0f,0f,0f,1f],start_interpolation: 0,interpolation_duration: 1}
$data merge entity $(bone_arm_left) {transformation: [-0.9902f,-0.1151f,-0.0785f,0.3464f,-0.1184f,0.9922f,0.0389f,1.1772f,0.0734f,0.0478f,-0.9962f,-0.0006f,0f,0f,0f,1f],start_interpolation: 0,interpolation_duration: 1}
$data merge entity $(bone_body) {transformation: [-0.9998f,-0.0175f,-0.0006f,0.0518f,-0.0175f,0.9992f,0.035f,0.7248f,0f,0.035f,-0.9994f,0f,0f,0f,0f,1f],start_interpolation: 0,interpolation_duration: 1}
$data merge entity $(bone_leg_left) {transformation: [-0.9941f,-0.0062f,0.1086f,0.1754f,-0.0036f,0.9997f,0.0237f,0.5547f,-0.1087f,0.0232f,-0.9938f,0.0126f,0f,0f,0f,1f],start_interpolation: 0,interpolation_duration: 1}
$data merge entity $(bone_leg_right) {transformation: [-0.9898f,0.113f,-0.0869f,-0.0712f,0.1133f,0.9936f,0.0021f,0.5527f,0.0866f,-0.0077f,-0.9962f,0f,0f,0f,0f,1f],start_interpolation: 0,interpolation_duration: 1}