# This file was generated by Animated Java via MC-Build. It is not recommended to edit this file directly.
$data merge entity $(bone_hair) {transformation: [-1f,-0.0065f,0.0062f,0.0089f,-0.0065f,1f,-0.0018f,1.4981f,-0.0062f,-0.0019f,-1f,0.0008f,0f,0f,0f,1f],start_interpolation: 0,interpolation_duration: 1}
$data merge entity $(bone_head) {transformation: [-1f,-0.0065f,0.0062f,0.0101f,-0.0065f,1f,-0.0018f,1.3106f,-0.0062f,-0.0019f,-1f,0.0012f,0f,0f,0f,1f],start_interpolation: 0,interpolation_duration: 1}
$data merge entity $(bone_arm_right) {transformation: [-0.9841f,0.1109f,0.1386f,-0.2912f,0.1123f,0.9937f,0.0024f,1.1925f,-0.1374f,0.0179f,-0.9903f,-0.0151f,0f,0f,0f,1f],start_interpolation: 0,interpolation_duration: 1}
$data merge entity $(bone_arm_left) {transformation: [-0.9849f,-0.1226f,-0.122f,0.3136f,-0.1238f,0.9923f,0.0019f,1.1981f,0.1208f,0.017f,-0.9925f,-0.0151f,0f,0f,0f,1f],start_interpolation: 0,interpolation_duration: 1}
$data merge entity $(bone_body) {transformation: [-1f,-0.0094f,0f,0.0154f,-0.0094f,1f,0.0021f,0.7482f,0f,0.0021f,-1f,0f,0f,0f,0f,1f],start_interpolation: 0,interpolation_duration: 1}
$data merge entity $(bone_leg_left) {transformation: [-0.9927f,-0.053f,0.1086f,0.1403f,-0.0525f,0.9986f,0.0075f,0.5619f,-0.1089f,0.0017f,-0.9941f,0.0009f,0f,0f,0f,1f],start_interpolation: 0,interpolation_duration: 1}
$data merge entity $(bone_leg_right) {transformation: [-0.9892f,0.0648f,-0.1311f,-0.1095f,0.0644f,0.9979f,0.0074f,0.5618f,0.1313f,-0.0011f,-0.9913f,0f,0f,0f,0f,1f],start_interpolation: 0,interpolation_duration: 1}