# This file was generated by Animated Java via MC-Build. It is not recommended to edit this file directly.
$data merge entity $(bone_hair) {transformation: [-0.9983f,-0.0379f,0.045f,0.0355f,-0.0379f,0.9993f,0.0017f,1.4737f,-0.045f,0f,-0.999f,0.0209f,0f,0f,0f,1f],start_interpolation: 0,interpolation_duration: 1}
$data merge entity $(bone_head) {transformation: [-0.9983f,-0.0379f,0.045f,0.0426f,-0.0379f,0.9993f,0.0017f,1.2863f,-0.045f,0f,-0.999f,0.0209f,0f,0f,0f,1f],start_interpolation: 0,interpolation_duration: 1}
$data merge entity $(bone_arm_right) {transformation: [-0.9767f,0.1199f,0.1781f,-0.2578f,0.1277f,0.9913f,0.033f,1.166f,-0.1726f,0.0549f,-0.9835f,0.0003f,0f,0f,0f,1f],start_interpolation: 0,interpolation_duration: 1}
$data merge entity $(bone_arm_left) {transformation: [-0.9898f,-0.1166f,-0.0824f,0.3471f,-0.1203f,0.9919f,0.0406f,1.1767f,0.077f,0.05f,-0.9958f,0.0003f,0f,0f,0f,1f],start_interpolation: 0,interpolation_duration: 1}
$data merge entity $(bone_body) {transformation: [-0.9998f,-0.0177f,-0.0007f,0.0525f,-0.0177f,0.9992f,0.0371f,0.7243f,0f,0.0371f,-0.9993f,0f,0f,0f,0f,1f],start_interpolation: 0,interpolation_duration: 1}
$data merge entity $(bone_leg_left) {transformation: [-0.9941f,-0.0052f,0.1086f,0.1761f,-0.0026f,0.9997f,0.024f,0.5546f,-0.1087f,0.0236f,-0.9938f,0.0129f,0f,0f,0f,1f],start_interpolation: 0,interpolation_duration: 1}
$data merge entity $(bone_leg_right) {transformation: [-0.9897f,0.114f,-0.086f,-0.0704f,0.1143f,0.9934f,0.002f,0.5526f,0.0857f,-0.0079f,-0.9963f,0f,0f,0f,0f,1f],start_interpolation: 0,interpolation_duration: 1}