# This file was generated by Animated Java via MC-Build. It is not recommended to edit this file directly.
$data merge entity $(bone_hair) {transformation: [-0.9988f,-0.0333f,0.0353f,0.0373f,-0.0329f,0.9994f,0.01f,1.4729f,-0.0356f,0.0088f,-0.9993f,0.0248f,0f,0f,0f,1f],start_interpolation: 0,interpolation_duration: 1}
$data merge entity $(bone_head) {transformation: [-0.9988f,-0.0333f,0.0353f,0.0435f,-0.0329f,0.9994f,0.01f,1.2856f,-0.0356f,0.0088f,-0.9993f,0.0232f,0f,0f,0f,1f],start_interpolation: 0,interpolation_duration: 1}
$data merge entity $(bone_arm_right) {transformation: [-0.9788f,0.1157f,0.1688f,-0.2569f,0.1238f,0.9916f,0.0383f,1.1653f,-0.1629f,0.0584f,-0.9849f,0.0022f,0f,0f,0f,1f],start_interpolation: 0,interpolation_duration: 1}
$data merge entity $(bone_arm_left) {transformation: [-0.9885f,-0.1201f,-0.0916f,0.3481f,-0.1244f,0.9913f,0.0436f,1.1761f,0.0856f,0.0545f,-0.9948f,0.0022f,0f,0f,0f,1f],start_interpolation: 0,interpolation_duration: 1}
$data merge entity $(bone_body) {transformation: [-0.9998f,-0.0179f,-0.0007f,0.0536f,-0.0179f,0.999f,0.0412f,0.7236f,0f,0.0412f,-0.9992f,0f,0f,0f,0f,1f],start_interpolation: 0,interpolation_duration: 1}
$data merge entity $(bone_leg_left) {transformation: [-0.9941f,-0.0039f,0.1086f,0.1771f,-0.0012f,0.9997f,0.0245f,0.5543f,-0.1087f,0.0243f,-0.9938f,0.0132f,0f,0f,0f,1f],start_interpolation: 0,interpolation_duration: 1}
$data merge entity $(bone_leg_right) {transformation: [-0.9897f,0.1155f,-0.0847f,-0.0693f,0.1157f,0.9933f,0.0018f,0.5524f,0.0843f,-0.008f,-0.9964f,-0.0001f,0f,0f,0f,1f],start_interpolation: 0,interpolation_duration: 1}