# This file was generated by Animated Java via MC-Build. It is not recommended to edit this file directly.
$data merge entity $(bone_hair) {transformation: [-0.9991f,-0.0305f,0.03f,0.0381f,-0.0301f,0.9994f,0.0143f,1.4727f,-0.0305f,0.0134f,-0.9994f,0.0267f,0f,0f,0f,1f],start_interpolation: 0,interpolation_duration: 1}
$data merge entity $(bone_head) {transformation: [-0.9991f,-0.0305f,0.03f,0.0438f,-0.0301f,0.9994f,0.0143f,1.2853f,-0.0305f,0.0134f,-0.9994f,0.0242f,0f,0f,0f,1f],start_interpolation: 0,interpolation_duration: 1}
$data merge entity $(bone_arm_right) {transformation: [-0.98f,0.1135f,0.1636f,-0.2566f,0.1217f,0.9917f,0.0409f,1.1651f,-0.1576f,0.06f,-0.9857f,0.003f,0f,0f,0f,1f],start_interpolation: 0,interpolation_duration: 1}
$data merge entity $(bone_arm_left) {transformation: [-0.9878f,-0.1219f,-0.0968f,0.3484f,-0.1267f,0.9909f,0.0448f,1.1759f,0.0904f,0.0565f,-0.9943f,0.003f,0f,0f,0f,1f],start_interpolation: 0,interpolation_duration: 1}
$data merge entity $(bone_body) {transformation: [-0.9998f,-0.018f,-0.0008f,0.054f,-0.018f,0.9989f,0.043f,0.7234f,0f,0.043f,-0.9991f,0f,0f,0f,0f,1f],start_interpolation: 0,interpolation_duration: 1}
$data merge entity $(bone_leg_left) {transformation: [-0.9941f,-0.0034f,0.1086f,0.1774f,-0.0008f,0.9997f,0.0247f,0.5542f,-0.1087f,0.0245f,-0.9938f,0.0133f,0f,0f,0f,1f],start_interpolation: 0,interpolation_duration: 1}
$data merge entity $(bone_leg_right) {transformation: [-0.9897f,0.1159f,-0.0843f,-0.069f,0.1162f,0.9932f,0.0017f,0.5523f,0.0839f,-0.0081f,-0.9964f,-0.0001f,0f,0f,0f,1f],start_interpolation: 0,interpolation_duration: 1}