# This file was generated by Animated Java via MC-Build. It is not recommended to edit this file directly.
$data merge entity $(bone_hair) {transformation: [-0.9995f,-0.0245f,0.0195f,0.0394f,-0.0241f,0.9995f,0.0225f,1.4725f,-0.02f,0.022f,-0.9996f,0.0301f,0f,0f,0f,1f],start_interpolation: 0,interpolation_duration: 1}
$data merge entity $(bone_head) {transformation: [-0.9995f,-0.0245f,0.0195f,0.044f,-0.0241f,0.9995f,0.0225f,1.2851f,-0.02f,0.022f,-0.9996f,0.0259f,0f,0f,0f,1f],start_interpolation: 0,interpolation_duration: 1}
$data merge entity $(bone_arm_right) {transformation: [-0.9822f,0.1089f,0.1529f,-0.2564f,0.1171f,0.9921f,0.0454f,1.1649f,-0.1468f,0.0625f,-0.9872f,0.0044f,0f,0f,0f,1f],start_interpolation: 0,interpolation_duration: 1}
$data merge entity $(bone_arm_left) {transformation: [-0.9862f,-0.1257f,-0.1075f,0.3485f,-0.1313f,0.9902f,0.0466f,1.1759f,0.1006f,0.0601f,-0.9931f,0.0044f,0f,0f,0f,1f],start_interpolation: 0,interpolation_duration: 1}
$data merge entity $(bone_body) {transformation: [-0.9998f,-0.018f,-0.0008f,0.0541f,-0.018f,0.9988f,0.0461f,0.7233f,0f,0.0461f,-0.9989f,0f,0f,0f,0f,1f],start_interpolation: 0,interpolation_duration: 1}
$data merge entity $(bone_leg_left) {transformation: [-0.9941f,-0.0032f,0.1086f,0.1776f,-0.0005f,0.9997f,0.0248f,0.5542f,-0.1087f,0.0246f,-0.9938f,0.0134f,0f,0f,0f,1f],start_interpolation: 0,interpolation_duration: 1}
$data merge entity $(bone_leg_right) {transformation: [-0.9897f,0.1161f,-0.0841f,-0.0689f,0.1164f,0.9932f,0.0017f,0.5523f,0.0837f,-0.0081f,-0.9965f,-0.0001f,0f,0f,0f,1f],start_interpolation: 0,interpolation_duration: 1}