# This file was generated by Animated Java via MC-Build. It is not recommended to edit this file directly.
$data merge entity $(bone_hair) {transformation: [-0.9997f,-0.0213f,0.0144f,0.0399f,-0.0209f,0.9994f,0.0261f,1.4726f,-0.015f,0.0258f,-0.9996f,0.0314f,0f,0f,0f,1f],start_interpolation: 0,interpolation_duration: 1}
$data merge entity $(bone_head) {transformation: [-0.9997f,-0.0213f,0.0144f,0.0439f,-0.0209f,0.9994f,0.0261f,1.2852f,-0.015f,0.0258f,-0.9996f,0.0266f,0f,0f,0f,1f],start_interpolation: 0,interpolation_duration: 1}
$data merge entity $(bone_arm_right) {transformation: [-0.9833f,0.1066f,0.1476f,-0.2565f,0.1147f,0.9923f,0.0472f,1.1651f,-0.1415f,0.0633f,-0.9879f,0.0049f,0f,0f,0f,1f],start_interpolation: 0,interpolation_duration: 1}
$data merge entity $(bone_arm_left) {transformation: [-0.9854f,-0.1276f,-0.1128f,0.3484f,-0.1335f,0.9899f,0.0471f,1.176f,0.1057f,0.0615f,-0.9925f,0.0049f,0f,0f,0f,1f],start_interpolation: 0,interpolation_duration: 1}
$data merge entity $(bone_body) {transformation: [-0.9998f,-0.018f,-0.0009f,0.054f,-0.018f,0.9987f,0.0473f,0.7234f,0f,0.0473f,-0.9989f,0f,0f,0f,0f,1f],start_interpolation: 0,interpolation_duration: 1}
$data merge entity $(bone_leg_left) {transformation: [-0.9941f,-0.0034f,0.1086f,0.1774f,-0.0008f,0.9997f,0.0247f,0.5542f,-0.1087f,0.0245f,-0.9938f,0.0133f,0f,0f,0f,1f],start_interpolation: 0,interpolation_duration: 1}
$data merge entity $(bone_leg_right) {transformation: [-0.9897f,0.1159f,-0.0843f,-0.0691f,0.1162f,0.9932f,0.0017f,0.5524f,0.0839f,-0.0081f,-0.9964f,-0.0001f,0f,0f,0f,1f],start_interpolation: 0,interpolation_duration: 1}