# This file was generated by Animated Java via MC-Build. It is not recommended to edit this file directly.
$data merge entity $(bone_hair) {transformation: [-0.9998f,-0.0181f,0.0098f,0.0402f,-0.0178f,0.9994f,0.0294f,1.4728f,-0.0103f,0.0292f,-0.9995f,0.0325f,0f,0f,0f,1f],start_interpolation: 0,interpolation_duration: 1}
$data merge entity $(bone_head) {transformation: [-0.9998f,-0.0181f,0.0098f,0.0436f,-0.0178f,0.9994f,0.0294f,1.2854f,-0.0103f,0.0292f,-0.9995f,0.027f,0f,0f,0f,1f],start_interpolation: 0,interpolation_duration: 1}
$data merge entity $(bone_arm_right) {transformation: [-0.9843f,0.1045f,0.1426f,-0.2568f,0.1124f,0.9925f,0.0486f,1.1653f,-0.1364f,0.0639f,-0.9886f,0.0052f,0f,0f,0f,1f],start_interpolation: 0,interpolation_duration: 1}
$data merge entity $(bone_arm_left) {transformation: [-0.9846f,-0.1293f,-0.118f,0.3481f,-0.1357f,0.9896f,0.0472f,1.1761f,0.1107f,0.0625f,-0.9919f,0.0052f,0f,0f,0f,1f],start_interpolation: 0,interpolation_duration: 1}
$data merge entity $(bone_body) {transformation: [-0.9998f,-0.0179f,-0.0009f,0.0536f,-0.0179f,0.9987f,0.0481f,0.7237f,0f,0.0481f,-0.9988f,0f,0f,0f,0f,1f],start_interpolation: 0,interpolation_duration: 1}
$data merge entity $(bone_leg_left) {transformation: [-0.9941f,-0.0039f,0.1086f,0.1771f,-0.0012f,0.9997f,0.0246f,0.5542f,-0.1087f,0.0243f,-0.9938f,0.0132f,0f,0f,0f,1f],start_interpolation: 0,interpolation_duration: 1}
$data merge entity $(bone_leg_right) {transformation: [-0.9897f,0.1155f,-0.0847f,-0.0694f,0.1157f,0.9933f,0.0018f,0.5525f,0.0844f,-0.008f,-0.9964f,-0.0001f,0f,0f,0f,1f],start_interpolation: 0,interpolation_duration: 1}