# This file was generated by Animated Java via MC-Build. It is not recommended to edit this file directly.
$data merge entity $(bone_hair) {transformation: [-0.9999f,-0.0148f,0.0056f,0.0403f,-0.0147f,0.9994f,0.032f,1.4731f,-0.0061f,0.0319f,-0.9995f,0.0333f,0f,0f,0f,1f],start_interpolation: 0,interpolation_duration: 1}
$data merge entity $(bone_head) {transformation: [-0.9999f,-0.0148f,0.0056f,0.0431f,-0.0147f,0.9994f,0.032f,1.2857f,-0.0061f,0.0319f,-0.9995f,0.0273f,0f,0f,0f,1f],start_interpolation: 0,interpolation_duration: 1}
$data merge entity $(bone_arm_right) {transformation: [-0.9851f,0.1025f,0.1378f,-0.2573f,0.1102f,0.9927f,0.0496f,1.1657f,-0.1317f,0.064f,-0.9892f,0.0054f,0f,0f,0f,1f],start_interpolation: 0,interpolation_duration: 1}
$data merge entity $(bone_arm_left) {transformation: [-0.9837f,-0.131f,-0.1229f,0.3476f,-0.1376f,0.9894f,0.047f,1.1764f,0.1154f,0.0631f,-0.9913f,0.0054f,0f,0f,0f,1f],start_interpolation: 0,interpolation_duration: 1}
$data merge entity $(bone_body) {transformation: [-0.9998f,-0.0178f,-0.0009f,0.0531f,-0.0178f,0.9987f,0.0485f,0.724f,0f,0.0485f,-0.9988f,0f,0f,0f,0f,1f],start_interpolation: 0,interpolation_duration: 1}
$data merge entity $(bone_leg_left) {transformation: [-0.9941f,-0.0045f,0.1086f,0.1766f,-0.0019f,0.9997f,0.0243f,0.5543f,-0.1087f,0.024f,-0.9938f,0.013f,0f,0f,0f,1f],start_interpolation: 0,interpolation_duration: 1}
$data merge entity $(bone_leg_right) {transformation: [-0.9897f,0.1148f,-0.0853f,-0.07f,0.115f,0.9934f,0.0019f,0.5526f,0.085f,-0.0079f,-0.9964f,-0.0001f,0f,0f,0f,1f],start_interpolation: 0,interpolation_duration: 1}