# This file was generated by Animated Java via MC-Build. It is not recommended to edit this file directly.
$data merge entity $(bone_hair) {transformation: [-0.9999f,-0.0117f,0.002f,0.0403f,-0.0116f,0.9994f,0.0339f,1.4736f,-0.0024f,0.0338f,-0.9994f,0.0336f,0f,0f,0f,1f],start_interpolation: 0,interpolation_duration: 1}
$data merge entity $(bone_head) {transformation: [-0.9999f,-0.0117f,0.002f,0.0425f,-0.0116f,0.9994f,0.0339f,1.2862f,-0.0024f,0.0338f,-0.9994f,0.0273f,0f,0f,0f,1f],start_interpolation: 0,interpolation_duration: 1}
$data merge entity $(bone_arm_right) {transformation: [-0.9859f,0.1008f,0.1335f,-0.2579f,0.1082f,0.9929f,0.05f,1.1662f,-0.1275f,0.0637f,-0.9898f,0.0054f,0f,0f,0f,1f],start_interpolation: 0,interpolation_duration: 1}
$data merge entity $(bone_arm_left) {transformation: [-0.983f,-0.1325f,-0.1274f,0.347f,-0.1394f,0.9892f,0.0464f,1.1768f,0.1199f,0.0633f,-0.9908f,0.0054f,0f,0f,0f,1f],start_interpolation: 0,interpolation_duration: 1}
$data merge entity $(bone_body) {transformation: [-0.9998f,-0.0176f,-0.0009f,0.0524f,-0.0177f,0.9987f,0.0485f,0.7244f,0f,0.0485f,-0.9988f,0f,0f,0f,0f,1f],start_interpolation: 0,interpolation_duration: 1}
$data merge entity $(bone_leg_left) {transformation: [-0.9941f,-0.0054f,0.1086f,0.176f,-0.0028f,0.9997f,0.024f,0.5544f,-0.1087f,0.0236f,-0.9938f,0.0128f,0f,0f,0f,1f],start_interpolation: 0,interpolation_duration: 1}
$data merge entity $(bone_leg_right) {transformation: [-0.9898f,0.1139f,-0.0862f,-0.0707f,0.1141f,0.9935f,0.002f,0.5528f,0.0858f,-0.0078f,-0.9963f,-0.0001f,0f,0f,0f,1f],start_interpolation: 0,interpolation_duration: 1}