# This file was generated by Animated Java via MC-Build. It is not recommended to edit this file directly.
$data merge entity $(bone_hair) {transformation: [-1f,-0.0056f,-0.0029f,0.0397f,-0.0057f,0.9994f,0.035f,1.4749f,0.0027f,0.0351f,-0.9994f,0.0329f,0f,0f,0f,1f],start_interpolation: 0,interpolation_duration: 1}
$data merge entity $(bone_head) {transformation: [-1f,-0.0056f,-0.0029f,0.0407f,-0.0057f,0.9994f,0.035f,1.2876f,0.0027f,0.0351f,-0.9994f,0.0264f,0f,0f,0f,1f],start_interpolation: 0,interpolation_duration: 1}
$data merge entity $(bone_arm_right) {transformation: [-0.9872f,0.0979f,0.1262f,-0.2598f,0.1047f,0.9933f,0.0491f,1.1676f,-0.1206f,0.0617f,-0.9908f,0.0047f,0f,0f,0f,1f],start_interpolation: 0,interpolation_duration: 1}
$data merge entity $(bone_arm_left) {transformation: [-0.9816f,-0.1351f,-0.1352f,0.3451f,-0.1421f,0.9889f,0.0437f,1.178f,0.1278f,0.0621f,-0.9898f,0.0047f,0f,0f,0f,1f],start_interpolation: 0,interpolation_duration: 1}
$data merge entity $(bone_body) {transformation: [-0.9999f,-0.0172f,-0.0008f,0.0504f,-0.0172f,0.9988f,0.0468f,0.7258f,0f,0.0469f,-0.9989f,0f,0f,0f,0f,1f],start_interpolation: 0,interpolation_duration: 1}
$data merge entity $(bone_leg_left) {transformation: [-0.9941f,-0.0081f,0.1086f,0.174f,-0.0056f,0.9997f,0.0231f,0.5548f,-0.1087f,0.0223f,-0.9938f,0.0121f,0f,0f,0f,1f],start_interpolation: 0,interpolation_duration: 1}
$data merge entity $(bone_leg_right) {transformation: [-0.9898f,0.1111f,-0.0887f,-0.0729f,0.1113f,0.9938f,0.0025f,0.5533f,0.0884f,-0.0074f,-0.9961f,-0.0001f,0f,0f,0f,1f],start_interpolation: 0,interpolation_duration: 1}