# This file was generated by Animated Java via MC-Build. It is not recommended to edit this file directly.
$data merge entity $(bone_hair) {transformation: [-1f,-0.002f,-0.0048f,0.0389f,-0.0021f,0.9994f,0.0344f,1.476f,0.0048f,0.0345f,-0.9994f,0.0318f,0f,0f,0f,1f],start_interpolation: 0,interpolation_duration: 1}
$data merge entity $(bone_head) {transformation: [-1f,-0.002f,-0.0048f,0.0393f,-0.0021f,0.9994f,0.0344f,1.2886f,0.0048f,0.0345f,-0.9994f,0.0254f,0f,0f,0f,1f],start_interpolation: 0,interpolation_duration: 1}
$data merge entity $(bone_arm_right) {transformation: [-0.9878f,0.0965f,0.1225f,-0.2612f,0.1029f,0.9935f,0.0477f,1.1688f,-0.1171f,0.0597f,-0.9913f,0.0039f,0f,0f,0f,1f],start_interpolation: 0,interpolation_duration: 1}
$data merge entity $(bone_arm_left) {transformation: [-0.9808f,-0.1364f,-0.1394f,0.3437f,-0.1434f,0.9888f,0.0414f,1.179f,0.1322f,0.0606f,-0.9894f,0.0039f,0f,0f,0f,1f],start_interpolation: 0,interpolation_duration: 1}
$data merge entity $(bone_body) {transformation: [-0.9999f,-0.0168f,-0.0008f,0.0488f,-0.0168f,0.9988f,0.0451f,0.7268f,0f,0.0451f,-0.999f,0f,0f,0f,0f,1f],start_interpolation: 0,interpolation_duration: 1}
$data merge entity $(bone_leg_left) {transformation: [-0.994f,-0.0102f,0.1085f,0.1725f,-0.0078f,0.9997f,0.0224f,0.5552f,-0.1087f,0.0214f,-0.9938f,0.0116f,0f,0f,0f,1f],start_interpolation: 0,interpolation_duration: 1}
$data merge entity $(bone_leg_right) {transformation: [-0.9899f,0.109f,-0.0906f,-0.0746f,0.1092f,0.994f,0.0028f,0.5537f,0.0904f,-0.0071f,-0.9959f,-0.0001f,0f,0f,0f,1f],start_interpolation: 0,interpolation_duration: 1}