# This file was generated by Animated Java via MC-Build. It is not recommended to edit this file directly.
$data merge entity $(bone_hair) {transformation: [-0.9999f,0.0062f,-0.0079f,0.0369f,0.006f,0.9995f,0.0314f,1.4788f,0.0081f,0.0314f,-0.9995f,0.0283f,0f,0f,0f,1f],start_interpolation: 0,interpolation_duration: 1}
$data merge entity $(bone_head) {transformation: [-0.9999f,0.0062f,-0.0079f,0.0357f,0.006f,0.9995f,0.0314f,1.2914f,0.0081f,0.0314f,-0.9995f,0.0225f,0f,0f,0f,1f],start_interpolation: 0,interpolation_duration: 1}
$data merge entity $(bone_arm_right) {transformation: [-0.989f,0.0936f,0.1149f,-0.265f,0.0991f,0.9941f,0.0432f,1.1717f,-0.1102f,0.0541f,-0.9924f,0.0016f,0f,0f,0f,1f],start_interpolation: 0,interpolation_duration: 1}
$data merge entity $(bone_arm_left) {transformation: [-0.9791f,-0.1391f,-0.1482f,0.34f,-0.1458f,0.9887f,0.035f,1.1813f,0.1416f,0.0559f,-0.9883f,0.0016f,0f,0f,0f,1f],start_interpolation: 0,interpolation_duration: 1}
$data merge entity $(bone_body) {transformation: [-0.9999f,-0.0159f,-0.0006f,0.0446f,-0.0159f,0.9991f,0.0399f,0.7294f,0f,0.0399f,-0.9992f,0f,0f,0f,0f,1f],start_interpolation: 0,interpolation_duration: 1}
$data merge entity $(bone_leg_left) {transformation: [-0.994f,-0.0155f,0.1085f,0.1685f,-0.0134f,0.9997f,0.0205f,0.556f,-0.1088f,0.0189f,-0.9939f,0.0103f,0f,0f,0f,1f],start_interpolation: 0,interpolation_duration: 1}
$data merge entity $(bone_leg_right) {transformation: [-0.99f,0.1034f,-0.0957f,-0.079f,0.1036f,0.9946f,0.0036f,0.5548f,0.0955f,-0.0064f,-0.9954f,-0.0001f,0f,0f,0f,1f],start_interpolation: 0,interpolation_duration: 1}