# This file was generated by Animated Java via MC-Build. It is not recommended to edit this file directly.
$data merge entity $(bone_hair) {transformation: [-0.9999f,0.0106f,-0.0091f,0.0355f,0.0104f,0.9995f,0.0291f,1.4804f,0.0095f,0.0291f,-0.9995f,0.0261f,0f,0f,0f,1f],start_interpolation: 0,interpolation_duration: 1}
$data merge entity $(bone_head) {transformation: [-0.9999f,0.0106f,-0.0091f,0.0335f,0.0104f,0.9995f,0.0291f,1.293f,0.0095f,0.0291f,-0.9995f,0.0207f,0f,0f,0f,1f],start_interpolation: 0,interpolation_duration: 1}
$data merge entity $(bone_arm_right) {transformation: [-0.9895f,0.0923f,0.1111f,-0.2672f,0.0972f,0.9944f,0.0403f,1.1734f,-0.1068f,0.0507f,-0.993f,0.0002f,0f,0f,0f,1f],start_interpolation: 0,interpolation_duration: 1}
$data merge entity $(bone_arm_left) {transformation: [-0.9782f,-0.1405f,-0.1527f,0.3378f,-0.1469f,0.9887f,0.0313f,1.1827f,0.1465f,0.053f,-0.9878f,0.0002f,0f,0f,0f,1f],start_interpolation: 0,interpolation_duration: 1}
$data merge entity $(bone_body) {transformation: [-0.9999f,-0.0153f,-0.0006f,0.0422f,-0.0153f,0.9992f,0.0367f,0.731f,0f,0.0367f,-0.9993f,0f,0f,0f,0f,1f],start_interpolation: 0,interpolation_duration: 1}
$data merge entity $(bone_leg_left) {transformation: [-0.9939f,-0.0187f,0.1084f,0.1661f,-0.0167f,0.9997f,0.0194f,0.5565f,-0.1088f,0.0175f,-0.9939f,0.0095f,0f,0f,0f,1f],start_interpolation: 0,interpolation_duration: 1}
$data merge entity $(bone_leg_right) {transformation: [-0.9901f,0.1002f,-0.0986f,-0.0816f,0.1003f,0.995f,0.004f,0.5554f,0.0985f,-0.0059f,-0.9951f,-0.0001f,0f,0f,0f,1f],start_interpolation: 0,interpolation_duration: 1}