# This file was generated by Animated Java via MC-Build. It is not recommended to edit this file directly.
$data merge entity $(bone_hair) {transformation: [-0.9997f,0.0195f,-0.011f,0.0325f,0.0193f,0.9995f,0.0237f,1.484f,0.0114f,0.0235f,-0.9997f,0.0211f,0f,0f,0f,1f],start_interpolation: 0,interpolation_duration: 1}
$data merge entity $(bone_head) {transformation: [-0.9997f,0.0195f,-0.011f,0.0289f,0.0193f,0.9995f,0.0237f,1.2966f,0.0114f,0.0235f,-0.9997f,0.0167f,0f,0f,0f,1f],start_interpolation: 0,interpolation_duration: 1}
$data merge entity $(bone_arm_right) {transformation: [-0.9905f,0.0897f,0.1038f,-0.272f,0.0936f,0.995f,0.0338f,1.1772f,-0.1003f,0.0432f,-0.994f,-0.003f,0f,0f,0f,1f],start_interpolation: 0,interpolation_duration: 1}
$data merge entity $(bone_arm_left) {transformation: [-0.9765f,-0.1431f,-0.1614f,0.333f,-0.1487f,0.9886f,0.023f,1.1857f,0.1563f,0.0464f,-0.9866f,-0.003f,0f,0f,0f,1f],start_interpolation: 0,interpolation_duration: 1}
$data merge entity $(bone_body) {transformation: [-0.9999f,-0.0141f,-0.0004f,0.0368f,-0.0141f,0.9995f,0.0296f,0.7344f,0f,0.0296f,-0.9996f,0f,0f,0f,0f,1f],start_interpolation: 0,interpolation_duration: 1}
$data merge entity $(bone_leg_left) {transformation: [-0.9938f,-0.0255f,0.1084f,0.161f,-0.0238f,0.9996f,0.017f,0.5575f,-0.1088f,0.0143f,-0.994f,0.0078f,0f,0f,0f,1f],start_interpolation: 0,interpolation_duration: 1}
$data merge entity $(bone_leg_right) {transformation: [-0.9901f,0.0931f,-0.1051f,-0.0872f,0.0931f,0.9956f,0.0049f,0.5567f,0.1051f,-0.005f,-0.9944f,-0.0001f,0f,0f,0f,1f],start_interpolation: 0,interpolation_duration: 1}