# This file was generated by Animated Java via MC-Build. It is not recommended to edit this file directly.
$data merge entity $(bone_hair) {transformation: [-0.9996f,0.0239f,-0.0117f,0.0309f,0.0236f,0.9995f,0.0206f,1.4858f,0.0121f,0.0204f,-0.9997f,0.0184f,0f,0f,0f,1f],start_interpolation: 0,interpolation_duration: 1}
$data merge entity $(bone_head) {transformation: [-0.9996f,0.0239f,-0.0117f,0.0265f,0.0236f,0.9995f,0.0206f,1.2984f,0.0121f,0.0204f,-0.9997f,0.0145f,0f,0f,0f,1f],start_interpolation: 0,interpolation_duration: 1}
$data merge entity $(bone_arm_right) {transformation: [-0.991f,0.0886f,0.1005f,-0.2745f,0.092f,0.9953f,0.0302f,1.1791f,-0.0973f,0.0392f,-0.9945f,-0.0047f,0f,0f,0f,1f],start_interpolation: 0,interpolation_duration: 1}
$data merge entity $(bone_arm_left) {transformation: [-0.9756f,-0.1443f,-0.1655f,0.3305f,-0.1493f,0.9886f,0.0186f,1.1873f,0.1609f,0.0429f,-0.986f,-0.0047f,0f,0f,0f,1f],start_interpolation: 0,interpolation_duration: 1}
$data merge entity $(bone_body) {transformation: [-0.9999f,-0.0135f,-0.0003f,0.0341f,-0.0135f,0.9996f,0.0258f,0.7361f,0f,0.0258f,-0.9997f,0f,0f,0f,0f,1f],start_interpolation: 0,interpolation_duration: 1}
$data merge entity $(bone_leg_left) {transformation: [-0.9937f,-0.0291f,0.1084f,0.1584f,-0.0275f,0.9995f,0.0158f,0.5581f,-0.1088f,0.0127f,-0.994f,0.007f,0f,0f,0f,1f],start_interpolation: 0,interpolation_duration: 1}
$data merge entity $(bone_leg_right) {transformation: [-0.9901f,0.0894f,-0.1085f,-0.0901f,0.0894f,0.996f,0.0053f,0.5574f,0.1085f,-0.0044f,-0.9941f,-0.0001f,0f,0f,0f,1f],start_interpolation: 0,interpolation_duration: 1}