# This file was generated by Animated Java via MC-Build. It is not recommended to edit this file directly.
$data merge entity $(bone_hair) {transformation: [-0.9998f,-0.0138f,0.0149f,0.0113f,-0.0139f,0.9999f,-0.0046f,1.4953f,-0.0149f,-0.0048f,-0.9999f,0.002f,0f,0f,0f,1f],start_interpolation: 0,interpolation_duration: 1}
$data merge entity $(bone_head) {transformation: [-0.9998f,-0.0138f,0.0149f,0.0139f,-0.0139f,0.9999f,-0.0046f,1.3078f,-0.0149f,-0.0048f,-0.9999f,0.0029f,0f,0f,0f,1f],start_interpolation: 0,interpolation_duration: 1}
$data merge entity $(bone_arm_right) {transformation: [-0.9823f,0.1142f,0.1484f,-0.2873f,0.1161f,0.9932f,0.0044f,1.1894f,-0.1469f,0.0216f,-0.9889f,-0.0137f,0f,0f,0f,1f],start_interpolation: 0,interpolation_duration: 1}
$data merge entity $(bone_arm_left) {transformation: [-0.9864f,-0.12f,-0.112f,0.3175f,-0.1214f,0.9926f,0.0061f,1.1956f,0.1104f,0.0196f,-0.9937f,-0.0137f,0f,0f,0f,1f],start_interpolation: 0,interpolation_duration: 1}
$data merge entity $(bone_body) {transformation: [-0.9999f,-0.0104f,-0.0001f,0.0197f,-0.0104f,0.9999f,0.0052f,0.7454f,0f,0.0052f,-1f,0f,0f,0f,0f,1f],start_interpolation: 0,interpolation_duration: 1}
$data merge entity $(bone_leg_left) {transformation: [-0.993f,-0.0474f,0.1085f,0.1445f,-0.0467f,0.9989f,0.0094f,0.5611f,-0.1088f,0.0043f,-0.9941f,0.0023f,0f,0f,0f,1f],start_interpolation: 0,interpolation_duration: 1}
$data merge entity $(bone_leg_right) {transformation: [-0.9895f,0.0706f,-0.1258f,-0.1049f,0.0702f,0.9975f,0.007f,0.5607f,0.126f,-0.0019f,-0.992f,0f,0f,0f,0f,1f],start_interpolation: 0,interpolation_duration: 1}