# This file was generated by Animated Java via MC-Build. It is not recommended to edit this file directly.
$data merge entity $(bone_hair) {transformation: [-0.9994f,0.0317f,-0.0126f,0.0276f,0.0315f,0.9994f,0.0145f,1.4893f,0.013f,0.0141f,-0.9998f,0.013f,0f,0f,0f,1f],start_interpolation: 0,interpolation_duration: 1}
$data merge entity $(bone_head) {transformation: [-0.9994f,0.0317f,-0.0126f,0.0217f,0.0315f,0.9994f,0.0145f,1.3019f,0.013f,0.0141f,-0.9998f,0.0103f,0f,0f,0f,1f],start_interpolation: 0,interpolation_duration: 1}
$data merge entity $(bone_arm_right) {transformation: [-0.9917f,0.0867f,0.0945f,-0.2794f,0.0892f,0.9957f,0.0231f,1.1829f,-0.0921f,0.0314f,-0.9953f,-0.0081f,0f,0f,0f,1f],start_interpolation: 0,interpolation_duration: 1}
$data merge entity $(bone_arm_left) {transformation: [-0.974f,-0.1462f,-0.1728f,0.3256f,-0.1502f,0.9886f,0.0102f,1.1903f,0.1693f,0.0359f,-0.9849f,-0.0081f,0f,0f,0f,1f],start_interpolation: 0,interpolation_duration: 1}
$data merge entity $(bone_body) {transformation: [-0.9999f,-0.0123f,-0.0002f,0.0286f,-0.0123f,0.9998f,0.0184f,0.7396f,0f,0.0184f,-0.9998f,0f,0f,0f,0f,1f],start_interpolation: 0,interpolation_duration: 1}
$data merge entity $(bone_leg_left) {transformation: [-0.9934f,-0.0361f,0.1084f,0.1532f,-0.0349f,0.9993f,0.0133f,0.5592f,-0.1088f,0.0095f,-0.994f,0.0052f,0f,0f,0f,1f],start_interpolation: 0,interpolation_duration: 1}
$data merge entity $(bone_leg_right) {transformation: [-0.9899f,0.0822f,-0.1151f,-0.0959f,0.082f,0.9966f,0.0061f,0.5587f,0.1152f,-0.0035f,-0.9933f,0f,0f,0f,0f,1f],start_interpolation: 0,interpolation_duration: 1}