# This file was generated by Animated Java via MC-Build. It is not recommended to edit this file directly.
$data merge entity $(bone_hair) {transformation: [-0.9993f,0.0351f,-0.0128f,0.026f,0.0349f,0.9993f,0.0115f,1.491f,0.0132f,0.0111f,-0.9999f,0.0104f,0f,0f,0f,1f],start_interpolation: 0,interpolation_duration: 1}
$data merge entity $(bone_head) {transformation: [-0.9993f,0.0351f,-0.0128f,0.0194f,0.0349f,0.9993f,0.0115f,1.3036f,0.0132f,0.0111f,-0.9999f,0.0084f,0f,0f,0f,1f],start_interpolation: 0,interpolation_duration: 1}
$data merge entity $(bone_arm_right) {transformation: [-0.992f,0.0859f,0.0921f,-0.2817f,0.0881f,0.9959f,0.0197f,1.1847f,-0.09f,0.0277f,-0.9956f,-0.0096f,0f,0f,0f,1f],start_interpolation: 0,interpolation_duration: 1}
$data merge entity $(bone_arm_left) {transformation: [-0.9734f,-0.147f,-0.1758f,0.3233f,-0.1504f,0.9886f,0.0063f,1.1918f,0.1729f,0.0326f,-0.9844f,-0.0096f,0f,0f,0f,1f],start_interpolation: 0,interpolation_duration: 1}
$data merge entity $(bone_body) {transformation: [-0.9999f,-0.0117f,-0.0002f,0.026f,-0.0117f,0.9998f,0.0149f,0.7412f,0f,0.0149f,-0.9999f,0f,0f,0f,0f,1f],start_interpolation: 0,interpolation_duration: 1}
$data merge entity $(bone_leg_left) {transformation: [-0.9933f,-0.0394f,0.1084f,0.1507f,-0.0383f,0.9992f,0.0122f,0.5597f,-0.1088f,0.008f,-0.994f,0.0044f,0f,0f,0f,1f],start_interpolation: 0,interpolation_duration: 1}
$data merge entity $(bone_leg_right) {transformation: [-0.9899f,0.0788f,-0.1183f,-0.0986f,0.0786f,0.9969f,0.0064f,0.5593f,0.1184f,-0.003f,-0.993f,0f,0f,0f,0f,1f],start_interpolation: 0,interpolation_duration: 1}