# This file was generated by Animated Java via MC-Build. It is not recommended to edit this file directly.
$data merge entity $(bone_hair) {transformation: [-0.9991f,0.0401f,-0.0131f,0.023f,0.0401f,0.9992f,0.0064f,1.4939f,0.0133f,0.0059f,-0.9999f,0.006f,0f,0f,0f,1f],start_interpolation: 0,interpolation_duration: 1}
$data merge entity $(bone_head) {transformation: [-0.9991f,0.0401f,-0.0131f,0.0155f,0.0401f,0.9992f,0.0064f,1.3066f,0.0133f,0.0059f,-0.9999f,0.0049f,0f,0f,0f,1f],start_interpolation: 0,interpolation_duration: 1}
$data merge entity $(bone_arm_right) {transformation: [-0.9924f,0.0851f,0.0886f,-0.2858f,0.0866f,0.9961f,0.0138f,1.1878f,-0.0871f,0.0213f,-0.996f,-0.0124f,0f,0f,0f,1f],start_interpolation: 0,interpolation_duration: 1}
$data merge entity $(bone_arm_left) {transformation: [-0.9725f,-0.1479f,-0.1802f,0.3192f,-0.1503f,0.9886f,-0.0003f,1.1943f,0.1782f,0.0268f,-0.9836f,-0.0124f,0f,0f,0f,1f],start_interpolation: 0,interpolation_duration: 1}
$data merge entity $(bone_body) {transformation: [-0.9999f,-0.0107f,-0.0001f,0.0215f,-0.0107f,0.9999f,0.0087f,0.7441f,0f,0.0087f,-1f,0f,0f,0f,0f,1f],start_interpolation: 0,interpolation_duration: 1}
$data merge entity $(bone_leg_left) {transformation: [-0.9931f,-0.0453f,0.1085f,0.1463f,-0.0444f,0.999f,0.0102f,0.5606f,-0.1089f,0.0053f,-0.994f,0.0029f,0f,0f,0f,1f],start_interpolation: 0,interpolation_duration: 1}
$data merge entity $(bone_leg_right) {transformation: [-0.9896f,0.0728f,-0.1238f,-0.1034f,0.0725f,0.9973f,0.0069f,0.5604f,0.124f,-0.0022f,-0.9923f,0f,0f,0f,0f,1f],start_interpolation: 0,interpolation_duration: 1}