# This file was generated by Animated Java via MC-Build. It is not recommended to edit this file directly.
$data merge entity $(bone_hair) {transformation: [-0.999f,0.0417f,-0.0131f,0.0217f,0.0416f,0.9991f,0.0045f,1.4951f,0.0133f,0.0039f,-0.9999f,0.0043f,0f,0f,0f,1f],start_interpolation: 0,interpolation_duration: 1}
$data merge entity $(bone_head) {transformation: [-0.999f,0.0417f,-0.0131f,0.0138f,0.0416f,0.9991f,0.0045f,1.3078f,0.0133f,0.0039f,-0.9999f,0.0035f,0f,0f,0f,1f],start_interpolation: 0,interpolation_duration: 1}
$data merge entity $(bone_arm_right) {transformation: [-0.9925f,0.085f,0.0876f,-0.2875f,0.0863f,0.9962f,0.0114f,1.1891f,-0.0863f,0.0188f,-0.9961f,-0.0135f,0f,0f,0f,1f],start_interpolation: 0,interpolation_duration: 1}
$data merge entity $(bone_arm_left) {transformation: [-0.9722f,-0.148f,-0.1813f,0.3175f,-0.15f,0.9887f,-0.0029f,1.1953f,0.1797f,0.0244f,-0.9834f,-0.0135f,0f,0f,0f,1f],start_interpolation: 0,interpolation_duration: 1}
$data merge entity $(bone_body) {transformation: [-0.9999f,-0.0103f,-0.0001f,0.0196f,-0.0103f,0.9999f,0.0063f,0.7453f,0f,0.0063f,-1f,0f,0f,0f,0f,1f],start_interpolation: 0,interpolation_duration: 1}
$data merge entity $(bone_leg_left) {transformation: [-0.993f,-0.0476f,0.1085f,0.1446f,-0.0469f,0.9989f,0.0093f,0.5609f,-0.1089f,0.0042f,-0.994f,0.0024f,0f,0f,0f,1f],start_interpolation: 0,interpolation_duration: 1}
$data merge entity $(bone_leg_right) {transformation: [-0.9895f,0.0703f,-0.1261f,-0.1053f,0.07f,0.9975f,0.0071f,0.5609f,0.1263f,-0.0018f,-0.992f,0f,0f,0f,0f,1f],start_interpolation: 0,interpolation_duration: 1}