# This file was generated by Animated Java via MC-Build. It is not recommended to edit this file directly.
$data merge entity $(bone_hair) {transformation: [-0.999f,0.0423f,-0.0131f,0.0194f,0.0423f,0.9991f,0.002f,1.4969f,0.0131f,0.0014f,-0.9999f,0.0019f,0f,0f,0f,1f],start_interpolation: 0,interpolation_duration: 1}
$data merge entity $(bone_head) {transformation: [-0.999f,0.0423f,-0.0131f,0.0114f,0.0423f,0.9991f,0.002f,1.3095f,0.0131f,0.0014f,-0.9999f,0.0016f,0f,0f,0f,1f],start_interpolation: 0,interpolation_duration: 1}
$data merge entity $(bone_arm_right) {transformation: [-0.9925f,0.0856f,0.0877f,-0.2899f,0.0866f,0.9962f,0.0079f,1.191f,-0.0867f,0.0154f,-0.9961f,-0.015f,0f,0f,0f,1f],start_interpolation: 0,interpolation_duration: 1}
$data merge entity $(bone_arm_left) {transformation: [-0.9723f,-0.1474f,-0.1813f,0.315f,-0.1488f,0.9889f,-0.0061f,1.1969f,0.1802f,0.021f,-0.9834f,-0.015f,0f,0f,0f,1f],start_interpolation: 0,interpolation_duration: 1}
$data merge entity $(bone_body) {transformation: [-1f,-0.0097f,0f,0.0169f,-0.0097f,0.9999f,0.0029f,0.7471f,0f,0.0029f,-1f,0f,0f,0f,0f,1f],start_interpolation: 0,interpolation_duration: 1}
$data merge entity $(bone_leg_left) {transformation: [-0.9928f,-0.0512f,0.1086f,0.1419f,-0.0506f,0.9987f,0.0081f,0.5615f,-0.1089f,0.0025f,-0.9941f,0.0015f,0f,0f,0f,1f],start_interpolation: 0,interpolation_duration: 1}
$data merge entity $(bone_leg_right) {transformation: [-0.9893f,0.0667f,-0.1295f,-0.1082f,0.0663f,0.9978f,0.0073f,0.5616f,0.1297f,-0.0013f,-0.9916f,0f,0f,0f,0f,1f],start_interpolation: 0,interpolation_duration: 1}