# This file was generated by Animated Java via MC-Build. It is not recommended to edit this file directly.
$data merge entity $(bone_hair) {transformation: [-0.9991f,0.0415f,-0.0129f,0.0182f,0.0415f,0.9991f,0.0012f,1.4976f,0.013f,0.0007f,-0.9999f,0.001f,0f,0f,0f,1f],start_interpolation: 0,interpolation_duration: 1}
$data merge entity $(bone_head) {transformation: [-0.9991f,0.0415f,-0.0129f,0.0104f,0.0415f,0.9991f,0.0012f,1.3103f,0.013f,0.0007f,-0.9999f,0.0009f,0f,0f,0f,1f],start_interpolation: 0,interpolation_duration: 1}
$data merge entity $(bone_arm_right) {transformation: [-0.9923f,0.0864f,0.0886f,-0.291f,0.0873f,0.9962f,0.0065f,1.1919f,-0.0877f,0.0142f,-0.996f,-0.0155f,0f,0f,0f,1f],start_interpolation: 0,interpolation_duration: 1}
$data merge entity $(bone_arm_left) {transformation: [-0.9727f,-0.1466f,-0.1801f,0.3139f,-0.1477f,0.989f,-0.0071f,1.1976f,0.1792f,0.0197f,-0.9836f,-0.0155f,0f,0f,0f,1f],start_interpolation: 0,interpolation_duration: 1}
$data merge entity $(bone_body) {transformation: [-1f,-0.0094f,0f,0.0157f,-0.0094f,1f,0.0016f,0.7478f,0f,0.0016f,-1f,0f,0f,0f,0f,1f],start_interpolation: 0,interpolation_duration: 1}
$data merge entity $(bone_leg_left) {transformation: [-0.9927f,-0.0527f,0.1086f,0.1408f,-0.0522f,0.9986f,0.0076f,0.5617f,-0.1089f,0.0018f,-0.9941f,0.0011f,0f,0f,0f,1f],start_interpolation: 0,interpolation_duration: 1}
$data merge entity $(bone_leg_right) {transformation: [-0.9893f,0.0651f,-0.1309f,-0.1094f,0.0647f,0.9979f,0.0074f,0.5618f,0.1311f,-0.0011f,-0.9914f,0f,0f,0f,0f,1f],start_interpolation: 0,interpolation_duration: 1}