# This file was generated by Animated Java via MC-Build. It is not recommended to edit this file directly.
$data merge entity $(bone_hair) {transformation: [-0.9992f,0.0379f,-0.0125f,0.0157f,0.0379f,0.9993f,0.0004f,1.499f,0.0125f,0f,-0.9999f,-0.0003f,0f,0f,0f,1f],start_interpolation: 0,interpolation_duration: 1}
$data merge entity $(bone_head) {transformation: [-0.9992f,0.0379f,-0.0125f,0.0085f,0.0379f,0.9993f,0.0004f,1.3117f,0.0125f,0f,-0.9999f,-0.0002f,0f,0f,0f,1f],start_interpolation: 0,interpolation_duration: 1}
$data merge entity $(bone_arm_right) {transformation: [-0.9918f,0.0887f,0.0922f,-0.2929f,0.0895f,0.996f,0.0042f,1.1934f,-0.0915f,0.0124f,-0.9957f,-0.0164f,0f,0f,0f,1f],start_interpolation: 0,interpolation_duration: 1}
$data merge entity $(bone_arm_left) {transformation: [-0.9738f,-0.1442f,-0.1756f,0.312f,-0.145f,0.9894f,-0.0083f,1.1988f,0.175f,0.0174f,-0.9844f,-0.0164f,0f,0f,0f,1f],start_interpolation: 0,interpolation_duration: 1}
$data merge entity $(bone_body) {transformation: [-1f,-0.0089f,0f,0.0136f,-0.0089f,1f,-0.0004f,0.7492f,0f,-0.0004f,-1f,0f,0f,0f,0f,1f],start_interpolation: 0,interpolation_duration: 1}
$data merge entity $(bone_leg_left) {transformation: [-0.9925f,-0.0554f,0.1087f,0.1387f,-0.055f,0.9985f,0.0066f,0.5622f,-0.1089f,0.0006f,-0.9941f,0.0004f,0f,0f,0f,1f],start_interpolation: 0,interpolation_duration: 1}
$data merge entity $(bone_leg_right) {transformation: [-0.9891f,0.0623f,-0.1334f,-0.1116f,0.0619f,0.9981f,0.0076f,0.5623f,0.1337f,-0.0007f,-0.991f,0f,0f,0f,0f,1f],start_interpolation: 0,interpolation_duration: 1}