# This file was generated by Animated Java via MC-Build. It is not recommended to edit this file directly.
$data merge entity $(bone_hair) {transformation: [-0.9996f,-0.0176f,0.0199f,0.0129f,-0.0177f,0.9998f,-0.0061f,1.4936f,-0.0198f,-0.0064f,-0.9998f,0.0027f,0f,0f,0f,1f],start_interpolation: 0,interpolation_duration: 1}
$data merge entity $(bone_head) {transformation: [-0.9996f,-0.0176f,0.0199f,0.0162f,-0.0177f,0.9998f,-0.0061f,1.3062f,-0.0198f,-0.0064f,-0.9998f,0.004f,0f,0f,0f,1f],start_interpolation: 0,interpolation_duration: 1}
$data merge entity $(bone_arm_right) {transformation: [-0.9813f,0.1159f,0.1536f,-0.285f,0.1182f,0.993f,0.0056f,1.1876f,-0.1519f,0.0237f,-0.9881f,-0.0129f,0f,0f,0f,1f],start_interpolation: 0,interpolation_duration: 1}
$data merge entity $(bone_arm_left) {transformation: [-0.9872f,-0.1187f,-0.1067f,0.3198f,-0.1202f,0.9927f,0.0085f,1.1942f,0.1049f,0.0212f,-0.9943f,-0.0129f,0f,0f,0f,1f],start_interpolation: 0,interpolation_duration: 1}
$data merge entity $(bone_body) {transformation: [-0.9999f,-0.0109f,-0.0001f,0.0223f,-0.0109f,0.9999f,0.007f,0.7437f,0f,0.007f,-1f,0f,0f,0f,0f,1f],start_interpolation: 0,interpolation_duration: 1}
$data merge entity $(bone_leg_left) {transformation: [-0.9931f,-0.0441f,0.1085f,0.1469f,-0.0432f,0.999f,0.0105f,0.5606f,-0.1088f,0.0058f,-0.994f,0.0031f,0f,0f,0f,1f],start_interpolation: 0,interpolation_duration: 1}
$data merge entity $(bone_leg_right) {transformation: [-0.9897f,0.074f,-0.1227f,-0.1021f,0.0737f,0.9973f,0.0067f,0.56f,0.1228f,-0.0024f,-0.9924f,0f,0f,0f,0f,1f],start_interpolation: 0,interpolation_duration: 1}