# This file was generated by Animated Java via MC-Build. It is not recommended to edit this file directly.
$data merge entity $(bone_hair) {transformation: [-0.9993f,0.0353f,-0.0121f,0.0144f,0.0353f,0.9994f,0.0003f,1.4996f,0.0121f,-0.0001f,-0.9999f,-0.0007f,0f,0f,0f,1f],start_interpolation: 0,interpolation_duration: 1}
$data merge entity $(bone_head) {transformation: [-0.9993f,0.0353f,-0.0121f,0.0078f,0.0353f,0.9994f,0.0003f,1.3122f,0.0121f,-0.0001f,-0.9999f,-0.0007f,0f,0f,0f,1f],start_interpolation: 0,interpolation_duration: 1}
$data merge entity $(bone_arm_right) {transformation: [-0.9914f,0.0902f,0.0947f,-0.2937f,0.0909f,0.9959f,0.0033f,1.1941f,-0.0941f,0.0119f,-0.9955f,-0.0167f,0f,0f,0f,1f],start_interpolation: 0,interpolation_duration: 1}
$data merge entity $(bone_arm_left) {transformation: [-0.9746f,-0.1427f,-0.1726f,0.3112f,-0.1434f,0.9896f,-0.0084f,1.1993f,0.172f,0.0165f,-0.985f,-0.0167f,0f,0f,0f,1f],start_interpolation: 0,interpolation_duration: 1}
$data merge entity $(bone_body) {transformation: [-1f,-0.0087f,0f,0.0127f,-0.0087f,1f,-0.0012f,0.7498f,0f,-0.0012f,-1f,0f,0f,0f,0f,1f],start_interpolation: 0,interpolation_duration: 1}
$data merge entity $(bone_leg_left) {transformation: [-0.9925f,-0.0565f,0.1087f,0.1378f,-0.0562f,0.9984f,0.0062f,0.5624f,-0.1089f,0.0001f,-0.9941f,0.0001f,0f,0f,0f,1f],start_interpolation: 0,interpolation_duration: 1}
$data merge entity $(bone_leg_right) {transformation: [-0.989f,0.0612f,-0.1345f,-0.1125f,0.0607f,0.9981f,0.0077f,0.5626f,0.1347f,-0.0006f,-0.9909f,0f,0f,0f,0f,1f],start_interpolation: 0,interpolation_duration: 1}