# This file was generated by Animated Java via MC-Build. It is not recommended to edit this file directly.
$data merge entity $(bone_hair) {transformation: [-0.9995f,0.029f,-0.0111f,0.012f,0.029f,0.9996f,0.0004f,1.5006f,0.0111f,0f,-0.9999f,-0.0012f,0f,0f,0f,1f],start_interpolation: 0,interpolation_duration: 1}
$data merge entity $(bone_head) {transformation: [-0.9995f,0.029f,-0.0111f,0.0066f,0.029f,0.9996f,0.0004f,1.3132f,0.0111f,0f,-0.9999f,-0.0012f,0f,0f,0f,1f],start_interpolation: 0,interpolation_duration: 1}
$data merge entity $(bone_arm_right) {transformation: [-0.9905f,0.0936f,0.1008f,-0.2949f,0.0943f,0.9955f,0.0019f,1.1951f,-0.1002f,0.0113f,-0.9949f,-0.0171f,0f,0f,0f,1f],start_interpolation: 0,interpolation_duration: 1}
$data merge entity $(bone_arm_left) {transformation: [-0.9764f,-0.1392f,-0.1652f,0.31f,-0.1398f,0.9901f,-0.0081f,1.2002f,0.1647f,0.0152f,-0.9862f,-0.0171f,0f,0f,0f,1f],start_interpolation: 0,interpolation_duration: 1}
$data merge entity $(bone_body) {transformation: [-1f,-0.0084f,0f,0.0113f,-0.0084f,1f,-0.0021f,0.7507f,0f,-0.0021f,-1f,0f,0f,0f,0f,1f],start_interpolation: 0,interpolation_duration: 1}
$data merge entity $(bone_leg_left) {transformation: [-0.9924f,-0.0583f,0.1087f,0.1365f,-0.058f,0.9983f,0.0056f,0.5627f,-0.1089f,-0.0007f,-0.9941f,-0.0003f,0f,0f,0f,1f],start_interpolation: 0,interpolation_duration: 1}
$data merge entity $(bone_leg_right) {transformation: [-0.9889f,0.0594f,-0.1362f,-0.1139f,0.0589f,0.9982f,0.0078f,0.5629f,0.1364f,-0.0003f,-0.9907f,0f,0f,0f,0f,1f],start_interpolation: 0,interpolation_duration: 1}