# This file was generated by Animated Java via MC-Build. It is not recommended to edit this file directly.
$data merge entity $(bone_hair) {transformation: [-0.9996f,0.0254f,-0.0104f,0.0109f,0.0254f,0.9997f,0.0005f,1.5009f,0.0104f,0.0002f,-0.9999f,-0.0013f,0f,0f,0f,1f],start_interpolation: 0,interpolation_duration: 1}
$data merge entity $(bone_head) {transformation: [-0.9996f,0.0254f,-0.0104f,0.0061f,0.0254f,0.9997f,0.0005f,1.3135f,0.0104f,0.0002f,-0.9999f,-0.0013f,0f,0f,0f,1f],start_interpolation: 0,interpolation_duration: 1}
$data merge entity $(bone_arm_right) {transformation: [-0.99f,0.0954f,0.1043f,-0.2954f,0.0961f,0.9954f,0.0013f,1.1955f,-0.1037f,0.0113f,-0.9945f,-0.0172f,0f,0f,0f,1f],start_interpolation: 0,interpolation_duration: 1}
$data merge entity $(bone_arm_left) {transformation: [-0.9774f,-0.1373f,-0.161f,0.3095f,-0.1379f,0.9904f,-0.0077f,1.2005f,0.1605f,0.0147f,-0.9869f,-0.0172f,0f,0f,0f,1f],start_interpolation: 0,interpolation_duration: 1}
$data merge entity $(bone_body) {transformation: [-1f,-0.0083f,0f,0.0108f,-0.0083f,1f,-0.0024f,0.751f,0f,-0.0024f,-1f,0f,0f,0f,0f,1f],start_interpolation: 0,interpolation_duration: 1}
$data merge entity $(bone_leg_left) {transformation: [-0.9923f,-0.0589f,0.1088f,0.136f,-0.0587f,0.9983f,0.0054f,0.5628f,-0.1089f,-0.001f,-0.9941f,-0.0005f,0f,0f,0f,1f],start_interpolation: 0,interpolation_duration: 1}
$data merge entity $(bone_leg_right) {transformation: [-0.9889f,0.0587f,-0.1368f,-0.1144f,0.0582f,0.9983f,0.0078f,0.563f,0.137f,-0.0003f,-0.9906f,0f,0f,0f,0f,1f],start_interpolation: 0,interpolation_duration: 1}