# This file was generated by Animated Java via MC-Build. It is not recommended to edit this file directly.
$data merge entity $(bone_hair) {transformation: [-0.9997f,0.0217f,-0.0095f,0.0099f,0.0217f,0.9998f,0.0006f,1.5012f,0.0095f,0.0004f,-1f,-0.0013f,0f,0f,0f,1f],start_interpolation: 0,interpolation_duration: 1}
$data merge entity $(bone_head) {transformation: [-0.9997f,0.0217f,-0.0095f,0.0058f,0.0217f,0.9998f,0.0006f,1.3137f,0.0095f,0.0004f,-1f,-0.0014f,0f,0f,0f,1f],start_interpolation: 0,interpolation_duration: 1}
$data merge entity $(bone_arm_right) {transformation: [-0.9894f,0.0974f,0.1079f,-0.2956f,0.098f,0.9952f,0.0009f,1.1957f,-0.1073f,0.0115f,-0.9942f,-0.0172f,0f,0f,0f,1f],start_interpolation: 0,interpolation_duration: 1}
$data merge entity $(bone_arm_left) {transformation: [-0.9783f,-0.1354f,-0.1566f,0.3092f,-0.136f,0.9907f,-0.0071f,1.2007f,0.1561f,0.0144f,-0.9876f,-0.0172f,0f,0f,0f,1f],start_interpolation: 0,interpolation_duration: 1}
$data merge entity $(bone_body) {transformation: [-1f,-0.0083f,0f,0.0105f,-0.0083f,1f,-0.0024f,0.7512f,0f,-0.0024f,-1f,0f,0f,0f,0f,1f],start_interpolation: 0,interpolation_duration: 1}
$data merge entity $(bone_leg_left) {transformation: [-0.9923f,-0.0593f,0.1088f,0.1356f,-0.0591f,0.9982f,0.0053f,0.5628f,-0.1089f,-0.0012f,-0.9941f,-0.0006f,0f,0f,0f,1f],start_interpolation: 0,interpolation_duration: 1}
$data merge entity $(bone_leg_right) {transformation: [-0.9888f,0.0583f,-0.1371f,-0.1147f,0.0578f,0.9983f,0.0078f,0.5631f,0.1374f,-0.0002f,-0.9905f,0f,0f,0f,0f,1f],start_interpolation: 0,interpolation_duration: 1}