# This file was generated by Animated Java via MC-Build. It is not recommended to edit this file directly.
$data merge entity $(bone_hair) {transformation: [-0.9998f,0.0178f,-0.0084f,0.0091f,0.0178f,0.9998f,0.0008f,1.5013f,0.0084f,0.0006f,-1f,-0.0012f,0f,0f,0f,1f],start_interpolation: 0,interpolation_duration: 1}
$data merge entity $(bone_head) {transformation: [-0.9998f,0.0178f,-0.0084f,0.0057f,0.0178f,0.9998f,0.0008f,1.3138f,0.0084f,0.0006f,-1f,-0.0013f,0f,0f,0f,1f],start_interpolation: 0,interpolation_duration: 1}
$data merge entity $(bone_arm_right) {transformation: [-0.9888f,0.0993f,0.1117f,-0.2958f,0.1f,0.995f,0.0007f,1.1959f,-0.1111f,0.0118f,-0.9937f,-0.0171f,0f,0f,0f,1f],start_interpolation: 0,interpolation_duration: 1}
$data merge entity $(bone_arm_left) {transformation: [-0.9793f,-0.1335f,-0.1521f,0.3091f,-0.1341f,0.991f,-0.0063f,1.2009f,0.1515f,0.0142f,-0.9883f,-0.0171f,0f,0f,0f,1f],start_interpolation: 0,interpolation_duration: 1}
$data merge entity $(bone_body) {transformation: [-1f,-0.0082f,0f,0.0103f,-0.0082f,1f,-0.0024f,0.7513f,0f,-0.0024f,-1f,0f,0f,0f,0f,1f],start_interpolation: 0,interpolation_duration: 1}
$data merge entity $(bone_leg_left) {transformation: [-0.9923f,-0.0595f,0.1088f,0.1355f,-0.0593f,0.9982f,0.0052f,0.5629f,-0.1089f,-0.0013f,-0.9941f,-0.0007f,0f,0f,0f,1f],start_interpolation: 0,interpolation_duration: 1}
$data merge entity $(bone_leg_right) {transformation: [-0.9888f,0.0581f,-0.1373f,-0.1149f,0.0576f,0.9983f,0.0078f,0.5631f,0.1375f,-0.0002f,-0.9905f,0f,0f,0f,0f,1f],start_interpolation: 0,interpolation_duration: 1}