# This file was generated by Animated Java via MC-Build. It is not recommended to edit this file directly.
$data merge entity $(bone_hair) {transformation: [-0.9999f,0.014f,-0.0072f,0.0083f,0.014f,0.9999f,0.0009f,1.5013f,0.0072f,0.0008f,-1f,-0.0011f,0f,0f,0f,1f],start_interpolation: 0,interpolation_duration: 1}
$data merge entity $(bone_head) {transformation: [-0.9999f,0.014f,-0.0072f,0.0057f,0.014f,0.9999f,0.0009f,1.3138f,0.0072f,0.0008f,-1f,-0.0012f,0f,0f,0f,1f],start_interpolation: 0,interpolation_duration: 1}
$data merge entity $(bone_arm_right) {transformation: [-0.9881f,0.1012f,0.1156f,-0.2957f,0.1019f,0.9948f,0.0005f,1.1959f,-0.1149f,0.0123f,-0.9933f,-0.017f,0f,0f,0f,1f],start_interpolation: 0,interpolation_duration: 1}
$data merge entity $(bone_arm_left) {transformation: [-0.9803f,-0.1316f,-0.1475f,0.3091f,-0.1322f,0.9912f,-0.0055f,1.2009f,0.1469f,0.0141f,-0.989f,-0.017f,0f,0f,0f,1f],start_interpolation: 0,interpolation_duration: 1}
$data merge entity $(bone_body) {transformation: [-1f,-0.0082f,0f,0.0104f,-0.0082f,1f,-0.0021f,0.7513f,0f,-0.0021f,-1f,0f,0f,0f,0f,1f],start_interpolation: 0,interpolation_duration: 1}
$data merge entity $(bone_leg_left) {transformation: [-0.9923f,-0.0595f,0.1088f,0.1355f,-0.0592f,0.9982f,0.0052f,0.5629f,-0.1089f,-0.0013f,-0.9941f,-0.0007f,0f,0f,0f,1f],start_interpolation: 0,interpolation_duration: 1}
$data merge entity $(bone_leg_right) {transformation: [-0.9888f,0.0582f,-0.1373f,-0.1148f,0.0576f,0.9983f,0.0078f,0.5631f,0.1375f,-0.0002f,-0.9905f,0f,0f,0f,0f,1f],start_interpolation: 0,interpolation_duration: 1}