# This file was generated by Animated Java via MC-Build. It is not recommended to edit this file directly.
$data merge entity $(bone_hair) {transformation: [-1f,0.0065f,-0.0041f,0.0075f,0.0065f,1f,0.0007f,1.5009f,0.0041f,0.0007f,-1f,-0.0006f,0f,0f,0f,1f],start_interpolation: 0,interpolation_duration: 1}
$data merge entity $(bone_head) {transformation: [-1f,0.0065f,-0.0041f,0.0063f,0.0065f,1f,0.0007f,1.3134f,0.0041f,0.0007f,-1f,-0.0007f,0f,0f,0f,1f],start_interpolation: 0,interpolation_duration: 1}
$data merge entity $(bone_arm_right) {transformation: [-0.9868f,0.1048f,0.1233f,-0.2952f,0.1057f,0.9944f,0.0006f,1.1955f,-0.1225f,0.0136f,-0.9924f,-0.0166f,0f,0f,0f,1f],start_interpolation: 0,interpolation_duration: 1}
$data merge entity $(bone_arm_left) {transformation: [-0.982f,-0.1281f,-0.1386f,0.3097f,-0.1288f,0.9917f,-0.0035f,1.2006f,0.1379f,0.0145f,-0.9903f,-0.0166f,0f,0f,0f,1f],start_interpolation: 0,interpolation_duration: 1}
$data merge entity $(bone_body) {transformation: [-1f,-0.0084f,0f,0.011f,-0.0084f,1f,-0.0013f,0.7509f,0f,-0.0013f,-1f,0f,0f,0f,0f,1f],start_interpolation: 0,interpolation_duration: 1}
$data merge entity $(bone_leg_left) {transformation: [-0.9923f,-0.0586f,0.1087f,0.1361f,-0.0584f,0.9983f,0.0055f,0.5628f,-0.1089f,-0.0009f,-0.9941f,-0.0005f,0f,0f,0f,1f],start_interpolation: 0,interpolation_duration: 1}
$data merge entity $(bone_leg_right) {transformation: [-0.9889f,0.059f,-0.1365f,-0.1141f,0.0585f,0.9983f,0.0078f,0.5629f,0.1367f,-0.0003f,-0.9906f,0f,0f,0f,0f,1f],start_interpolation: 0,interpolation_duration: 1}