# This file was generated by Animated Java via MC-Build. It is not recommended to edit this file directly.
$data merge entity $(bone_hair) {transformation: [-1f,0.0031f,-0.0022f,0.0074f,0.0031f,1f,0.0005f,1.5005f,0.0022f,0.0005f,-1f,-0.0003f,0f,0f,0f,1f],start_interpolation: 0,interpolation_duration: 1}
$data merge entity $(bone_head) {transformation: [-1f,0.0031f,-0.0022f,0.0068f,0.0031f,1f,0.0005f,1.313f,0.0022f,0.0005f,-1f,-0.0004f,0f,0f,0f,1f],start_interpolation: 0,interpolation_duration: 1}
$data merge entity $(bone_arm_right) {transformation: [-0.9862f,0.1064f,0.127f,-0.2946f,0.1074f,0.9942f,0.0008f,1.1951f,-0.1262f,0.0144f,-0.9919f,-0.0163f,0f,0f,0f,1f],start_interpolation: 0,interpolation_duration: 1}
$data merge entity $(bone_arm_left) {transformation: [-0.9828f,-0.1265f,-0.1344f,0.3102f,-0.1274f,0.9919f,-0.0023f,1.2002f,0.1336f,0.0148f,-0.9909f,-0.0163f,0f,0f,0f,1f],start_interpolation: 0,interpolation_duration: 1}
$data merge entity $(bone_body) {transformation: [-1f,-0.0085f,0f,0.0116f,-0.0085f,1f,-0.0007f,0.7505f,0f,-0.0007f,-1f,0f,0f,0f,0f,1f],start_interpolation: 0,interpolation_duration: 1}
$data merge entity $(bone_leg_left) {transformation: [-0.9924f,-0.0578f,0.1087f,0.1367f,-0.0575f,0.9983f,0.0058f,0.5627f,-0.1089f,-0.0005f,-0.9941f,-0.0003f,0f,0f,0f,1f],start_interpolation: 0,interpolation_duration: 1}
$data merge entity $(bone_leg_right) {transformation: [-0.9889f,0.0599f,-0.1357f,-0.1134f,0.0594f,0.9982f,0.0077f,0.5627f,0.1359f,-0.0004f,-0.9907f,0f,0f,0f,0f,1f],start_interpolation: 0,interpolation_duration: 1}