# This file was generated by Animated Java via MC-Build. It is not recommended to edit this file directly.
$data merge entity $(bone_hair) {transformation: [-0.9992f,-0.025f,0.0303f,0.0164f,-0.0253f,0.9996f,-0.0091f,1.4899f,-0.0301f,-0.0099f,-0.9995f,0.0044f,0f,0f,0f,1f],start_interpolation: 0,interpolation_duration: 1}
$data merge entity $(bone_head) {transformation: [-0.9992f,-0.025f,0.0303f,0.0211f,-0.0253f,0.9996f,-0.0091f,1.3025f,-0.0301f,-0.0099f,-0.9995f,0.0062f,0f,0f,0f,1f],start_interpolation: 0,interpolation_duration: 1}
$data merge entity $(bone_arm_right) {transformation: [-0.9792f,0.1192f,0.1642f,-0.2799f,0.1222f,0.9925f,0.0084f,1.1835f,-0.162f,0.0283f,-0.9864f,-0.0112f,0f,0f,0f,1f],start_interpolation: 0,interpolation_duration: 1}
$data merge entity $(bone_arm_left) {transformation: [-0.9886f,-0.1162f,-0.0961f,0.3249f,-0.118f,0.9929f,0.0135f,1.1909f,0.0939f,0.0247f,-0.9953f,-0.0112f,0f,0f,0f,1f],start_interpolation: 0,interpolation_duration: 1}
$data merge entity $(bone_body) {transformation: [-0.9999f,-0.0122f,-0.0001f,0.0279f,-0.0122f,0.9999f,0.0111f,0.7401f,0f,0.0111f,-0.9999f,0f,0f,0f,0f,1f],start_interpolation: 0,interpolation_duration: 1}
$data merge entity $(bone_leg_left) {transformation: [-0.9934f,-0.0368f,0.1084f,0.1524f,-0.0356f,0.9993f,0.0131f,0.5595f,-0.1088f,0.0091f,-0.994f,0.005f,0f,0f,0f,1f],start_interpolation: 0,interpolation_duration: 1}
$data merge entity $(bone_leg_right) {transformation: [-0.9899f,0.0814f,-0.1158f,-0.0962f,0.0813f,0.9967f,0.0061f,0.5586f,0.1159f,-0.0034f,-0.9933f,0f,0f,0f,0f,1f],start_interpolation: 0,interpolation_duration: 1}