# This file was generated by Animated Java via MC-Build. It is not recommended to edit this file directly.
$data merge entity $(bone_hair) {transformation: [-0.999f,-0.0285f,0.0355f,0.0183f,-0.0289f,0.9995f,-0.0105f,1.488f,-0.0352f,-0.0115f,-0.9993f,0.0053f,0f,0f,0f,1f],start_interpolation: 0,interpolation_duration: 1}
$data merge entity $(bone_head) {transformation: [-0.999f,-0.0285f,0.0355f,0.0236f,-0.0289f,0.9995f,-0.0105f,1.3006f,-0.0352f,-0.0115f,-0.9993f,0.0074f,0f,0f,0f,1f],start_interpolation: 0,interpolation_duration: 1}
$data merge entity $(bone_arm_right) {transformation: [-0.9781f,0.1207f,0.1693f,-0.2773f,0.1242f,0.9922f,0.0099f,1.1815f,-0.1668f,0.0307f,-0.9855f,-0.0102f,0f,0f,0f,1f],start_interpolation: 0,interpolation_duration: 1}
$data merge entity $(bone_arm_left) {transformation: [-0.9892f,-0.115f,-0.091f,0.3275f,-0.117f,0.993f,0.0162f,1.1892f,0.0885f,0.0266f,-0.9957f,-0.0102f,0f,0f,0f,1f],start_interpolation: 0,interpolation_duration: 1}
$data merge entity $(bone_body) {transformation: [-0.9999f,-0.0129f,-0.0002f,0.0309f,-0.0129f,0.9998f,0.0132f,0.7382f,0f,0.0132f,-0.9999f,0f,0f,0f,0f,1f],start_interpolation: 0,interpolation_duration: 1}
$data merge entity $(bone_leg_left) {transformation: [-0.9936f,-0.0331f,0.1084f,0.1552f,-0.0317f,0.9994f,0.0144f,0.5589f,-0.1088f,0.0108f,-0.994f,0.0059f,0f,0f,0f,1f],start_interpolation: 0,interpolation_duration: 1}
$data merge entity $(bone_leg_right) {transformation: [-0.99f,0.0853f,-0.1122f,-0.0931f,0.0852f,0.9963f,0.0057f,0.5579f,0.1123f,-0.0039f,-0.9937f,0f,0f,0f,0f,1f],start_interpolation: 0,interpolation_duration: 1}