# This file was generated by Animated Java via MC-Build. It is not recommended to edit this file directly.
$data merge entity $(bone_hair) {transformation: [-1f,0f,0f,0f,0f,0.9998f,0.018f,1.4556f,0f,0.018f,-0.9998f,0.0462f,0f,0f,0f,1f],start_interpolation: 0,interpolation_duration: 1}
$data merge entity $(bone_head) {transformation: [-1f,0f,0f,0f,0f,0.9998f,0.018f,1.2666f,0f,0.018f,-0.9998f,0.0428f,0f,0f,0f,1f],start_interpolation: 0,interpolation_duration: 1}
$data merge entity $(bone_arm_right) {transformation: [-0.9623f,0.0714f,0.2626f,-0.3125f,0.0932f,0.9931f,0.0716f,1.2043f,-0.2557f,0.0933f,-0.9622f,0.0382f,0f,0f,0f,1f],start_interpolation: 0,interpolation_duration: 1}
$data merge entity $(bone_arm_left) {transformation: [-0.962f,-0.0716f,-0.2635f,0.3125f,-0.0927f,0.9933f,0.0687f,1.2043f,0.2568f,0.0905f,-0.9622f,0.0382f,0f,0f,0f,1f],start_interpolation: 0,interpolation_duration: 1}
$data merge entity $(bone_body) {transformation: [-1f,0f,0f,0f,0f,0.9973f,0.0736f,0.4563f,0f,0.0736f,-0.9973f,-0.017f,0f,0f,0f,1f],start_interpolation: 0,interpolation_duration: 1}
$data merge entity $(bone_leg_left) {transformation: [-1f,0f,0f,0.125f,0f,1f,0.0079f,0.4319f,0f,0.0079f,-1f,0.0028f,0f,0f,0f,1f],start_interpolation: 0,interpolation_duration: 1}
$data merge entity $(bone_leg_right) {transformation: [-1f,0f,0f,-0.125f,0f,1f,0.0079f,0.4944f,0f,0.0079f,-1f,0.0028f,0f,0f,0f,1f],start_interpolation: 0,interpolation_duration: 1}