# This file was generated by Animated Java via MC-Build. It is not recommended to edit this file directly.
$data merge entity $(bone_bone) {transformation: [-1f,-0.0026f,0f,-0.1231f,-0.0026f,1f,0f,1.2711f,0f,0f,-1f,0.1875f,0f,0f,0f,1f],start_interpolation: 0,interpolation_duration: 1}
$data merge entity $(bone_hair) {transformation: [-1f,-0.0026f,0f,0.0014f,-0.0026f,1f,0f,1.4589f,0f,0f,-1f,0f,0f,0f,0f,1f],start_interpolation: 0,interpolation_duration: 1}
$data merge entity $(bone_head) {transformation: [-1f,-0.0026f,0f,0.0033f,-0.0026f,1f,0f,0.7089f,0f,0f,-1f,0f,0f,0f,0f,1f],start_interpolation: 0,interpolation_duration: 1}
$data merge entity $(bone_arm_right) {transformation: [-0.9873f,0.1438f,-0.0677f,-0.184f,0.158f,0.9348f,-0.3181f,0.6767f,0.0175f,-0.3248f,-0.9456f,0.0592f,0f,0f,0f,1f],start_interpolation: 0,interpolation_duration: 1}
$data merge entity $(bone_arm_left) {transformation: [-0.9895f,-0.1304f,-0.0631f,0.1912f,-0.1438f,0.9368f,0.3191f,0.6474f,0.0175f,0.3248f,-0.9456f,-0.0592f,0f,0f,0f,1f],start_interpolation: 0,interpolation_duration: 1}
$data merge entity $(bone_body) {transformation: [-1f,-0.0052f,0f,0.0056f,-0.0052f,1f,0f,0.2714f,0f,0f,-1f,0f,0f,0f,0f,1f],start_interpolation: 0,interpolation_duration: 1}
$data merge entity $(bone_leg_left) {transformation: [-0.9989f,0.0473f,-0.0001f,0.0869f,0.0451f,0.9525f,-0.3012f,0.2769f,-0.0142f,-0.3009f,-0.9535f,0.0125f,0f,0f,0f,1f],start_interpolation: 0,interpolation_duration: 1}
$data merge entity $(bone_leg_right) {transformation: [-0.9991f,-0.0422f,-0.0049f,-0.1006f,-0.0401f,0.8982f,0.4377f,0.2582f,-0.0141f,0.4375f,-0.8991f,-0.0478f,0f,0f,0f,1f],start_interpolation: 0,interpolation_duration: 1}