# This file was generated by Animated Java via MC-Build. It is not recommended to edit this file directly.
$data merge entity $(bone_bone) {transformation: [-1f,0.0026f,0f,-0.123f,0.0026f,1f,0f,1.2702f,0f,0f,-1f,0.1875f,0f,0f,0f,1f],start_interpolation: 0,interpolation_duration: 1}
$data merge entity $(bone_hair) {transformation: [-1f,0.0026f,0f,0.0025f,0.0026f,1f,0f,1.4573f,0f,0f,-1f,0f,0f,0f,0f,1f],start_interpolation: 0,interpolation_duration: 1}
$data merge entity $(bone_head) {transformation: [-1f,0.0026f,0f,0.0006f,0.0026f,1f,0f,0.7073f,0f,0f,-1f,0f,0f,0f,0f,1f],start_interpolation: 0,interpolation_duration: 1}
$data merge entity $(bone_arm_right) {transformation: [-0.9856f,0.1536f,0.071f,-0.1871f,0.1684f,0.9332f,0.3174f,0.6771f,-0.0175f,0.3248f,-0.9456f,-0.0592f,0f,0f,0f,1f],start_interpolation: 0,interpolation_duration: 1}
$data merge entity $(bone_arm_left) {transformation: [-0.9909f,-0.1206f,0.0598f,0.1877f,-0.1334f,0.9381f,-0.3197f,0.6439f,-0.0175f,-0.3248f,-0.9456f,0.0592f,0f,0f,0f,1f],start_interpolation: 0,interpolation_duration: 1}
$data merge entity $(bone_body) {transformation: [-1f,0.0052f,0f,-0.0017f,0.0052f,1f,0f,0.2698f,0f,0f,-1f,0f,0f,0f,0f,1f],start_interpolation: 0,interpolation_duration: 1}
$data merge entity $(bone_leg_left) {transformation: [-0.9991f,0.0422f,0.0049f,0.0795f,0.0401f,0.8982f,0.4377f,0.2584f,0.0141f,0.4375f,-0.8991f,-0.0485f,0f,0f,0f,1f],start_interpolation: 0,interpolation_duration: 1}
$data merge entity $(bone_leg_right) {transformation: [-0.9989f,-0.0473f,0.0001f,-0.1079f,-0.0451f,0.9525f,-0.3012f,0.2755f,0.0142f,-0.3009f,-0.9535f,0.0122f,0f,0f,0f,1f],start_interpolation: 0,interpolation_duration: 1}