# This file was generated by Animated Java via MC-Build. It is not recommended to edit this file directly.
$data merge entity $(bone_bone) {transformation: [-1f,0.0052f,0f,-0.1209f,0.0052f,1f,0f,1.2591f,0f,0f,-1f,0.1875f,0f,0f,0f,1f],start_interpolation: 0,interpolation_duration: 1}
$data merge entity $(bone_hair) {transformation: [-1f,0.0052f,0f,0.0051f,0.0052f,1f,0f,1.4459f,0f,0f,-1f,0f,0f,0f,0f,1f],start_interpolation: 0,interpolation_duration: 1}
$data merge entity $(bone_head) {transformation: [-1f,0.0052f,0f,0.0011f,0.0052f,1f,0f,0.6959f,0f,0f,-1f,0f,0f,0f,0f,1f],start_interpolation: 0,interpolation_duration: 1}
$data merge entity $(bone_arm_right) {transformation: [-0.9825f,0.176f,0.0607f,-0.1867f,0.1856f,0.9504f,0.2495f,0.6666f,-0.0138f,0.2564f,-0.9665f,-0.0463f,0f,0f,0f,1f],start_interpolation: 0,interpolation_duration: 1}
$data merge entity $(bone_arm_left) {transformation: [-0.99f,-0.1323f,0.0492f,0.188f,-0.1405f,0.9575f,-0.252f,0.6315f,-0.0138f,-0.2564f,-0.9665f,0.0463f,0f,0f,0f,1f],start_interpolation: 0,interpolation_duration: 1}
$data merge entity $(bone_body) {transformation: [-0.9999f,0.0105f,0f,-0.0034f,0.0105f,0.9999f,0f,0.2584f,0f,0f,-1f,0f,0f,0f,0f,1f],start_interpolation: 0,interpolation_duration: 1}
$data merge entity $(bone_leg_left) {transformation: [-0.9991f,0.0417f,0.0109f,0.0778f,0.0416f,0.8694f,0.4923f,0.2462f,0.011f,0.4923f,-0.8704f,-0.0203f,0f,0f,0f,1f],start_interpolation: 0,interpolation_duration: 1}
$data merge entity $(bone_leg_right) {transformation: [-0.9986f,-0.0529f,-0.0007f,-0.1097f,-0.0517f,0.979f,-0.1974f,0.2772f,0.0111f,-0.1971f,-0.9803f,0.0337f,0f,0f,0f,1f],start_interpolation: 0,interpolation_duration: 1}