# This file was generated by Animated Java via MC-Build. It is not recommended to edit this file directly.
$data merge entity $(bone_bone) {transformation: [-1f,0.0079f,0f,-0.1228f,0.0079f,1f,0f,1.268f,0f,0f,-1f,0.1875f,0f,0f,0f,1f],start_interpolation: 0,interpolation_duration: 1}
$data merge entity $(bone_hair) {transformation: [-1f,0.0079f,0f,0.0037f,0.0079f,1f,0f,1.4545f,0f,0f,-1f,0f,0f,0f,0f,1f],start_interpolation: 0,interpolation_duration: 1}
$data merge entity $(bone_head) {transformation: [-1f,0.0079f,0f,-0.0022f,0.0079f,1f,0f,0.7045f,0f,0f,-1f,0f,0f,0f,0f,1f],start_interpolation: 0,interpolation_duration: 1}
$data merge entity $(bone_arm_right) {transformation: [-0.9794f,0.1966f,0.046f,-0.1902f,0.2017f,0.9635f,0.1759f,0.6762f,-0.0097f,0.1815f,-0.9833f,-0.0325f,0f,0f,0f,1f],start_interpolation: 0,interpolation_duration: 1}
$data merge entity $(bone_arm_left) {transformation: [-0.9892f,-0.1421f,0.036f,0.1843f,-0.1462f,0.9731f,-0.1782f,0.6391f,-0.0097f,-0.1815f,-0.9833f,0.0325f,0f,0f,0f,1f],start_interpolation: 0,interpolation_duration: 1}
$data merge entity $(bone_body) {transformation: [-0.9999f,0.0157f,0f,-0.0091f,0.0157f,0.9999f,0f,0.2671f,0f,0f,-1f,0f,0f,0f,0f,1f],start_interpolation: 0,interpolation_duration: 1}
$data merge entity $(bone_leg_left) {transformation: [-0.9991f,0.0402f,0.0128f,0.0722f,0.0415f,0.8797f,0.4737f,0.2801f,0.0077f,0.4738f,-0.8806f,0.0094f,0f,0f,0f,1f],start_interpolation: 0,interpolation_duration: 1}
$data merge entity $(bone_leg_right) {transformation: [-0.9982f,-0.0593f,0.0002f,-0.1153f,-0.0588f,0.9891f,-0.1346f,0.2818f,0.0078f,-0.1344f,-0.9909f,0.0281f,0f,0f,0f,1f],start_interpolation: 0,interpolation_duration: 1}