# This file was generated by Animated Java via MC-Build. It is not recommended to edit this file directly.
$data merge entity $(bone_bone) {transformation: [-0.9999f,0.0105f,0f,-0.1246f,0.0105f,0.9999f,0f,1.2769f,0f,0f,-1f,0.1875f,0f,0f,0f,1f],start_interpolation: 0,interpolation_duration: 1}
$data merge entity $(bone_hair) {transformation: [-0.9999f,0.0105f,0f,0.0023f,0.0105f,0.9999f,0f,1.4631f,0f,0f,-1f,0f,0f,0f,0f,1f],start_interpolation: 0,interpolation_duration: 1}
$data merge entity $(bone_head) {transformation: [-0.9999f,0.0105f,0f,-0.0055f,0.0105f,0.9999f,0f,0.7131f,0f,0f,-1f,0f,0f,0f,0f,1f],start_interpolation: 0,interpolation_duration: 1}
$data merge entity $(bone_arm_right) {transformation: [-0.9757f,0.2179f,0.0235f,-0.1936f,0.2191f,0.9721f,0.0836f,0.6858f,-0.0046f,0.0867f,-0.9962f,-0.0155f,0f,0f,0f,1f],start_interpolation: 0,interpolation_duration: 1}
$data merge entity $(bone_arm_left) {transformation: [-0.9881f,-0.1526f,0.0179f,0.1806f,-0.1536f,0.9845f,-0.0849f,0.6467f,-0.0046f,-0.0867f,-0.9962f,0.0155f,0f,0f,0f,1f],start_interpolation: 0,interpolation_duration: 1}
$data merge entity $(bone_body) {transformation: [-0.9998f,0.0209f,0f,-0.0147f,0.0209f,0.9998f,0f,0.2757f,0f,0f,-1f,0f,0f,0f,0f,1f],start_interpolation: 0,interpolation_duration: 1}
$data merge entity $(bone_leg_left) {transformation: [-0.9991f,0.0389f,0.0141f,0.0666f,0.0412f,0.9056f,0.4221f,0.3252f,0.0037f,0.4223f,-0.9064f,0.0442f,0f,0f,0f,1f],start_interpolation: 0,interpolation_duration: 1}
$data merge entity $(bone_leg_right) {transformation: [-0.9978f,-0.0669f,0.0007f,-0.1209f,-0.0668f,0.9956f,-0.066f,0.2822f,0.0037f,-0.0659f,-0.9978f,0.0142f,0f,0f,0f,1f],start_interpolation: 0,interpolation_duration: 1}