# This file was generated by Animated Java via MC-Build. It is not recommended to edit this file directly.
$data merge entity $(bone_bone) {transformation: [-0.9999f,0.0131f,0f,-0.1209f,0.0131f,0.9999f,0f,1.2941f,0f,0f,-1f,0.1875f,0f,0f,0f,1f],start_interpolation: 0,interpolation_duration: 1}
$data merge entity $(bone_hair) {transformation: [-0.9999f,0.0131f,0f,0.0066f,0.0131f,0.9999f,0f,1.4799f,0f,0f,-1f,0f,0f,0f,0f,1f],start_interpolation: 0,interpolation_duration: 1}
$data merge entity $(bone_head) {transformation: [-0.9999f,0.0131f,0f,-0.0032f,0.0131f,0.9999f,0f,0.73f,0f,0f,-1f,0f,0f,0f,0f,1f],start_interpolation: 0,interpolation_duration: 1}
$data merge entity $(bone_arm_right) {transformation: [-0.9739f,0.2256f,-0.0264f,-0.1915f,0.2271f,0.9696f,-0.0913f,0.7037f,0.005f,-0.0949f,-0.9955f,0.0169f,0f,0f,0f,1f],start_interpolation: 0,interpolation_duration: 1}
$data merge entity $(bone_arm_left) {transformation: [-0.9885f,-0.1502f,-0.0193f,0.1826f,-0.1513f,0.9841f,0.0931f,0.6626f,0.005f,0.0949f,-0.9955f,-0.0169f,0f,0f,0f,1f],start_interpolation: 0,interpolation_duration: 1}
$data merge entity $(bone_body) {transformation: [-0.9997f,0.0262f,0f,-0.0147f,0.0262f,0.9997f,0f,0.2927f,0f,0f,-1f,0f,0f,0f,0f,1f],start_interpolation: 0,interpolation_duration: 1}
$data merge entity $(bone_leg_left) {transformation: [-0.9992f,0.0396f,0.0109f,0.0666f,0.0409f,0.9849f,0.1685f,0.3824f,-0.0041f,0.1688f,-0.9856f,0.0662f,0f,0f,0f,1f],start_interpolation: 0,interpolation_duration: 1}
$data merge entity $(bone_leg_right) {transformation: [-0.9976f,-0.0688f,-0.0019f,-0.1209f,-0.0687f,0.9938f,0.0872f,0.2901f,-0.0041f,0.0871f,-0.9962f,-0.0186f,0f,0f,0f,1f],start_interpolation: 0,interpolation_duration: 1}