# This file was generated by Animated Java via MC-Build. It is not recommended to edit this file directly.
$data merge entity $(bone_bone) {transformation: [-0.9999f,0.0131f,0f,-0.1152f,0.0131f,0.9999f,0f,1.3024f,0f,0f,-1f,0.1875f,0f,0f,0f,1f],start_interpolation: 0,interpolation_duration: 1}
$data merge entity $(bone_hair) {transformation: [-0.9999f,0.0131f,0f,0.0122f,0.0131f,0.9999f,0f,1.4882f,0f,0f,-1f,0f,0f,0f,0f,1f],start_interpolation: 0,interpolation_duration: 1}
$data merge entity $(bone_head) {transformation: [-0.9999f,0.0131f,0f,0.0024f,0.0131f,0.9999f,0f,0.7383f,0f,0f,-1f,0f,0f,0f,0f,1f],start_interpolation: 0,interpolation_duration: 1}
$data merge entity $(bone_arm_right) {transformation: [-0.9765f,0.2102f,-0.0474f,-0.1859f,0.2152f,0.9613f,-0.1718f,0.712f,0.0094f,-0.1779f,-0.984f,0.0319f,0f,0f,0f,1f],start_interpolation: 0,interpolation_duration: 1}
$data merge entity $(bone_arm_left) {transformation: [-0.9902f,-0.1354f,-0.034f,0.1882f,-0.1393f,0.9747f,0.1749f,0.6709f,0.0094f,0.1779f,-0.984f,-0.0319f,0f,0f,0f,1f],start_interpolation: 0,interpolation_duration: 1}
$data merge entity $(bone_body) {transformation: [-0.9997f,0.0262f,0f,-0.0091f,0.0262f,0.9997f,0f,0.3009f,0f,0f,-1f,0f,0f,0f,0f,1f],start_interpolation: 0,interpolation_duration: 1}
$data merge entity $(bone_leg_left) {transformation: [-0.9991f,0.0411f,0.0063f,0.0722f,0.0409f,0.9986f,-0.0337f,0.3825f,-0.0076f,-0.0335f,-0.9994f,0.0481f,0f,0f,0f,1f],start_interpolation: 0,interpolation_duration: 1}
$data merge entity $(bone_leg_right) {transformation: [-0.9981f,-0.0613f,-0.0029f,-0.1153f,-0.0609f,0.9834f,0.171f,0.2984f,-0.0077f,0.1709f,-0.9853f,-0.0363f,0f,0f,0f,1f],start_interpolation: 0,interpolation_duration: 1}