# This file was generated by Animated Java via MC-Build. It is not recommended to edit this file directly.
$data merge entity $(bone_bone) {transformation: [-1f,0.0087f,0f,-0.1185f,0.0087f,1f,0f,1.2954f,0f,0f,-1f,0.1875f,0f,0f,0f,1f],start_interpolation: 0,interpolation_duration: 1}
$data merge entity $(bone_hair) {transformation: [-1f,0.0087f,0f,0.0081f,0.0087f,1f,0f,1.4818f,0f,0f,-1f,0f,0f,0f,0f,1f],start_interpolation: 0,interpolation_duration: 1}
$data merge entity $(bone_head) {transformation: [-1f,0.0087f,0f,0.0016f,0.0087f,1f,0f,0.7318f,0f,0f,-1f,0f,0f,0f,0f,1f],start_interpolation: 0,interpolation_duration: 1}
$data merge entity $(bone_arm_right) {transformation: [-0.9806f,0.1868f,-0.06f,-0.1864f,0.1958f,0.9518f,-0.2361f,0.7038f,0.013f,-0.2433f,-0.9699f,0.0439f,0f,0f,0f,1f],start_interpolation: 0,interpolation_duration: 1}
$data merge entity $(bone_arm_left) {transformation: [-0.9905f,-0.1296f,-0.0458f,0.188f,-0.1369f,0.9613f,0.2393f,0.666f,0.013f,0.2433f,-0.9699f,-0.0439f,0f,0f,0f,1f],start_interpolation: 0,interpolation_duration: 1}
$data merge entity $(bone_body) {transformation: [-0.9998f,0.0175f,0f,-0.006f,0.0175f,0.9998f,0f,0.2944f,0f,0f,-1f,0f,0f,0f,0f,1f],start_interpolation: 0,interpolation_duration: 1}
$data merge entity $(bone_leg_left) {transformation: [-0.9991f,0.0417f,0.0039f,0.0752f,0.0405f,0.9862f,-0.1607f,0.3514f,-0.0105f,-0.1604f,-0.987f,0.0309f,0f,0f,0f,1f],start_interpolation: 0,interpolation_duration: 1}
$data merge entity $(bone_leg_right) {transformation: [-0.9985f,-0.0551f,-0.0021f,-0.1123f,-0.0542f,0.9719f,0.2289f,0.2929f,-0.0105f,0.2287f,-0.9734f,-0.0483f,0f,0f,0f,1f],start_interpolation: 0,interpolation_duration: 1}