# This file was generated by Animated Java via MC-Build. It is not recommended to edit this file directly.
$data merge entity $(bone_bone) {transformation: [-1f,0.0044f,0f,-0.1217f,0.0044f,1f,0f,1.2883f,0f,0f,-1f,0.1875f,0f,0f,0f,1f],start_interpolation: 0,interpolation_duration: 1}
$data merge entity $(bone_hair) {transformation: [-1f,0.0044f,0f,0.0041f,0.0044f,1f,0f,1.4753f,0f,0f,-1f,0f,0f,0f,0f,1f],start_interpolation: 0,interpolation_duration: 1}
$data merge entity $(bone_head) {transformation: [-1f,0.0044f,0f,0.0008f,0.0044f,1f,0f,0.7253f,0f,0f,-1f,0f,0f,0f,0f,1f],start_interpolation: 0,interpolation_duration: 1}
$data merge entity $(bone_arm_right) {transformation: [-0.9845f,0.1613f,-0.069f,-0.187f,0.1746f,0.9381f,-0.2992f,0.6957f,0.0165f,-0.3066f,-0.9517f,0.0558f,0f,0f,0f,1f],start_interpolation: 0,interpolation_duration: 1}
$data merge entity $(bone_arm_left) {transformation: [-0.991f,-0.1215f,-0.0563f,0.1877f,-0.1328f,0.9441f,0.3018f,0.6612f,0.0165f,0.3066f,-0.9517f,-0.0558f,0f,0f,0f,1f],start_interpolation: 0,interpolation_duration: 1}
$data merge entity $(bone_body) {transformation: [-1f,0.0087f,0f,-0.003f,0.0087f,1f,0f,0.2878f,0f,0f,-1f,0f,0f,0f,0f,1f],start_interpolation: 0,interpolation_duration: 1}
$data merge entity $(bone_leg_left) {transformation: [-0.9991f,0.0423f,0.0017f,0.0782f,0.0402f,0.9599f,-0.2774f,0.3108f,-0.0133f,-0.2771f,-0.9607f,0.0102f,0f,0f,0f,1f],start_interpolation: 0,interpolation_duration: 1}
$data merge entity $(bone_leg_right) {transformation: [-0.9988f,-0.0483f,-0.0005f,-0.1093f,-0.0464f,0.9569f,0.2866f,0.2879f,-0.0133f,0.2863f,-0.9581f,-0.0592f,0f,0f,0f,1f],start_interpolation: 0,interpolation_duration: 1}