# This file was generated by Animated Java via MC-Build. It is not recommended to edit this file directly.
$data merge entity $(bone_bone) {transformation: [-1f,-0.0052f,0f,-0.1213f,-0.0052f,1f,0f,1.2609f,0f,0f,-1f,0.1875f,0f,0f,0f,1f],start_interpolation: 0,interpolation_duration: 1}
$data merge entity $(bone_hair) {transformation: [-1f,-0.0052f,0f,0.0027f,-0.0052f,1f,0f,1.449f,0f,0f,-1f,0f,0f,0f,0f,1f],start_interpolation: 0,interpolation_duration: 1}
$data merge entity $(bone_head) {transformation: [-1f,-0.0052f,0f,0.0067f,-0.0052f,1f,0f,0.699f,0f,0f,-1f,0f,0f,0f,0f,1f],start_interpolation: 0,interpolation_duration: 1}
$data merge entity $(bone_arm_right) {transformation: [-0.9862f,0.156f,-0.0555f,-0.1805f,0.165f,0.9539f,-0.2507f,0.6658f,0.0138f,-0.2564f,-0.9665f,0.0462f,0f,0f,0f,1f],start_interpolation: 0,interpolation_duration: 1}
$data merge entity $(bone_arm_left) {transformation: [-0.9868f,-0.1523f,-0.0545f,0.1948f,-0.1612f,0.9545f,0.251f,0.6385f,0.0138f,0.2564f,-0.9665f,-0.0462f,0f,0f,0f,1f],start_interpolation: 0,interpolation_duration: 1}
$data merge entity $(bone_body) {transformation: [-0.9999f,-0.0105f,0f,0.0113f,-0.0105f,0.9999f,0f,0.2616f,0f,0f,-1f,0f,0f,0f,0f,1f],start_interpolation: 0,interpolation_duration: 1}
$data merge entity $(bone_leg_left) {transformation: [-0.9986f,0.0529f,0.0007f,0.0925f,0.0517f,0.979f,-0.1974f,0.2803f,-0.0111f,-0.1971f,-0.9803f,0.0291f,0f,0f,0f,1f],start_interpolation: 0,interpolation_duration: 1}
$data merge entity $(bone_leg_right) {transformation: [-0.9991f,-0.0417f,-0.0109f,-0.095f,-0.0416f,0.8694f,0.4923f,0.2494f,-0.011f,0.4923f,-0.8704f,-0.0203f,0f,0f,0f,1f],start_interpolation: 0,interpolation_duration: 1}