# This file was generated by Animated Java via MC-Build. It is not recommended to edit this file directly.
$data merge entity $(bone_bone) {transformation: [-1f,-0.0079f,0f,-0.1231f,-0.0079f,1f,0f,1.2692f,0f,0f,-1f,0.1875f,0f,0f,0f,1f],start_interpolation: 0,interpolation_duration: 1}
$data merge entity $(bone_hair) {transformation: [-1f,-0.0079f,0f,0.0005f,-0.0079f,1f,0f,1.4576f,0f,0f,-1f,0f,0f,0f,0f,1f],start_interpolation: 0,interpolation_duration: 1}
$data merge entity $(bone_head) {transformation: [-1f,-0.0079f,0f,0.0064f,-0.0079f,1f,0f,0.7077f,0f,0f,-1f,0f,0f,0f,0f,1f],start_interpolation: 0,interpolation_duration: 1}
$data merge entity $(bone_arm_right) {transformation: [-0.9853f,0.1662f,-0.0404f,-0.1806f,0.1708f,0.9692f,-0.1772f,0.6735f,0.0097f,-0.1815f,-0.9833f,0.0325f,0f,0f,0f,1f],start_interpolation: 0,interpolation_duration: 1}
$data merge entity $(bone_arm_left) {transformation: [-0.9841f,-0.1726f,-0.0416f,0.1948f,-0.1772f,0.9681f,0.1769f,0.6481f,0.0097f,0.1815f,-0.9833f,-0.0325f,0f,0f,0f,1f],start_interpolation: 0,interpolation_duration: 1}
$data merge entity $(bone_body) {transformation: [-0.9999f,-0.0157f,0f,0.0132f,-0.0157f,0.9999f,0f,0.2702f,0f,0f,-1f,0f,0f,0f,0f,1f],start_interpolation: 0,interpolation_duration: 1}
$data merge entity $(bone_leg_left) {transformation: [-0.9982f,0.0593f,-0.0002f,0.0945f,0.0588f,0.9891f,-0.1346f,0.2849f,-0.0078f,-0.1344f,-0.9909f,0.0241f,0f,0f,0f,1f],start_interpolation: 0,interpolation_duration: 1}
$data merge entity $(bone_leg_right) {transformation: [-0.9991f,-0.0402f,-0.0128f,-0.0934f,-0.0415f,0.8797f,0.4737f,0.2927f,-0.0077f,0.4738f,-0.8806f,0.0052f,0f,0f,0f,1f],start_interpolation: 0,interpolation_duration: 1}