# This file was generated by Animated Java via MC-Build. It is not recommended to edit this file directly.
$data merge entity $(bone_bone) {transformation: [-0.9999f,-0.0105f,0f,-0.1248f,-0.0105f,0.9999f,0f,1.2774f,0f,0f,-1f,0.1875f,0f,0f,0f,1f],start_interpolation: 0,interpolation_duration: 1}
$data merge entity $(bone_hair) {transformation: [-0.9999f,-0.0105f,0f,-0.0018f,-0.0105f,0.9999f,0f,1.4662f,0f,0f,-1f,0f,0f,0f,0f,1f],start_interpolation: 0,interpolation_duration: 1}
$data merge entity $(bone_head) {transformation: [-0.9999f,-0.0105f,0f,0.006f,-0.0105f,0.9999f,0f,0.7163f,0f,0f,-1f,0f,0f,0f,0f,1f],start_interpolation: 0,interpolation_duration: 1}
$data merge entity $(bone_arm_right) {transformation: [-0.984f,0.177f,-0.02f,-0.1808f,0.1781f,0.9804f,-0.0845f,0.6811f,0.0046f,-0.0867f,-0.9962f,0.0155f,0f,0f,0f,1f],start_interpolation: 0,interpolation_duration: 1}
$data merge entity $(bone_arm_left) {transformation: [-0.9808f,-0.1937f,-0.0214f,0.1948f,-0.1948f,0.9772f,0.0841f,0.6577f,0.0046f,0.0867f,-0.9962f,-0.0155f,0f,0f,0f,1f],start_interpolation: 0,interpolation_duration: 1}
$data merge entity $(bone_body) {transformation: [-0.9998f,-0.0209f,0f,0.0152f,-0.0209f,0.9998f,0f,0.2789f,0f,0f,-1f,0f,0f,0f,0f,1f],start_interpolation: 0,interpolation_duration: 1}
$data merge entity $(bone_leg_left) {transformation: [-0.9978f,0.0669f,-0.0007f,0.0965f,0.0668f,0.9956f,-0.066f,0.2853f,-0.0037f,-0.0659f,-0.9978f,0.0124f,0f,0f,0f,1f],start_interpolation: 0,interpolation_duration: 1}
$data merge entity $(bone_leg_right) {transformation: [-0.9991f,-0.0389f,-0.0141f,-0.0919f,-0.0412f,0.9056f,0.4221f,0.3504f,-0.0037f,0.4223f,-0.9064f,0.0344f,0f,0f,0f,1f],start_interpolation: 0,interpolation_duration: 1}