# This file was generated by Animated Java via MC-Build. It is not recommended to edit this file directly.
$data merge entity $(bone_bone) {transformation: [-0.9999f,-0.0131f,0f,-0.1291f,-0.0131f,0.9999f,0f,1.2939f,0f,0f,-1f,0.1875f,0f,0f,0f,1f],start_interpolation: 0,interpolation_duration: 1}
$data merge entity $(bone_hair) {transformation: [-0.9999f,-0.0131f,0f,-0.0066f,-0.0131f,0.9999f,0f,1.4831f,0f,0f,-1f,0f,0f,0f,0f,1f],start_interpolation: 0,interpolation_duration: 1}
$data merge entity $(bone_head) {transformation: [-0.9999f,-0.0131f,0f,0.0032f,-0.0131f,0.9999f,0f,0.7331f,0f,0f,-1f,0f,0f,0f,0f,1f],start_interpolation: 0,interpolation_duration: 1}
$data merge entity $(bone_arm_right) {transformation: [-0.9844f,0.1746f,0.0216f,-0.1834f,0.1759f,0.9801f,0.0925f,0.697f,-0.005f,0.0949f,-0.9955f,-0.0169f,0f,0f,0f,1f],start_interpolation: 0,interpolation_duration: 1}
$data merge entity $(bone_arm_left) {transformation: [-0.9792f,-0.2015f,0.0241f,0.1923f,-0.2028f,0.9749f,-0.0919f,0.6756f,-0.005f,-0.0949f,-0.9955f,0.0169f,0f,0f,0f,1f],start_interpolation: 0,interpolation_duration: 1}
$data merge entity $(bone_body) {transformation: [-0.9997f,-0.0262f,0f,0.0147f,-0.0262f,0.9997f,0f,0.2958f,0f,0f,-1f,0f,0f,0f,0f,1f],start_interpolation: 0,interpolation_duration: 1}
$data merge entity $(bone_leg_left) {transformation: [-0.9976f,0.0688f,0.0019f,0.0959f,0.0687f,0.9938f,0.0872f,0.2932f,0.0041f,0.0871f,-0.9962f,-0.0183f,0f,0f,0f,1f],start_interpolation: 0,interpolation_duration: 1}
$data merge entity $(bone_leg_right) {transformation: [-0.9992f,-0.0396f,-0.0109f,-0.0926f,-0.0409f,0.9849f,0.1685f,0.399f,0.0041f,0.1688f,-0.9856f,0.0624f,0f,0f,0f,1f],start_interpolation: 0,interpolation_duration: 1}