# This file was generated by Animated Java via MC-Build. It is not recommended to edit this file directly.
$data merge entity $(bone_bone) {transformation: [-0.9999f,-0.0131f,0f,-0.1316f,-0.0131f,0.9999f,0f,1.3022f,0f,0f,-1f,0.1875f,0f,0f,0f,1f],start_interpolation: 0,interpolation_duration: 1}
$data merge entity $(bone_hair) {transformation: [-0.9999f,-0.0131f,0f,-0.0091f,-0.0131f,0.9999f,0f,1.4913f,0f,0f,-1f,0f,0f,0f,0f,1f],start_interpolation: 0,interpolation_duration: 1}
$data merge entity $(bone_head) {transformation: [-0.9999f,-0.0131f,0f,0.0007f,-0.0131f,0.9999f,0f,0.7414f,0f,0f,-1f,0f,0f,0f,0f,1f],start_interpolation: 0,interpolation_duration: 1}
$data merge entity $(bone_arm_right) {transformation: [-0.9864f,0.1596f,0.0383f,-0.1859f,0.1638f,0.971f,0.174f,0.7053f,-0.0094f,0.1779f,-0.984f,-0.0319f,0f,0f,0f,1f],start_interpolation: 0,interpolation_duration: 1}
$data merge entity $(bone_arm_left) {transformation: [-0.9816f,-0.1862f,0.0431f,0.1898f,-0.1909f,0.9663f,-0.1729f,0.6838f,-0.0094f,-0.1779f,-0.984f,0.0319f,0f,0f,0f,1f],start_interpolation: 0,interpolation_duration: 1}
$data merge entity $(bone_body) {transformation: [-0.9997f,-0.0262f,0f,0.0122f,-0.0262f,0.9997f,0f,0.3041f,0f,0f,-1f,0f,0f,0f,0f,1f],start_interpolation: 0,interpolation_duration: 1}
$data merge entity $(bone_leg_left) {transformation: [-0.9981f,0.0613f,0.0029f,0.0934f,0.0609f,0.9834f,0.171f,0.3016f,0.0077f,0.1709f,-0.9853f,-0.0362f,0f,0f,0f,1f],start_interpolation: 0,interpolation_duration: 1}
$data merge entity $(bone_leg_right) {transformation: [-0.9991f,-0.0411f,-0.0063f,-0.0948f,-0.0409f,0.9986f,-0.0337f,0.3816f,0.0076f,-0.0335f,-0.9994f,0.0529f,0f,0f,0f,1f],start_interpolation: 0,interpolation_duration: 1}