# This file was generated by Animated Java via MC-Build. It is not recommended to edit this file directly.
$data merge entity $(bone_bone) {transformation: [-1f,-0.0087f,0f,-0.1294f,-0.0087f,1f,0f,1.2953f,0f,0f,-1f,0.1875f,0f,0f,0f,1f],start_interpolation: 0,interpolation_duration: 1}
$data merge entity $(bone_hair) {transformation: [-1f,-0.0087f,0f,-0.0061f,-0.0087f,1f,0f,1.4839f,0f,0f,-1f,0f,0f,0f,0f,1f],start_interpolation: 0,interpolation_duration: 1}
$data merge entity $(bone_head) {transformation: [-1f,-0.0087f,0f,0.0005f,-0.0087f,1f,0f,0.7339f,0f,0f,-1f,0f,0f,0f,0f,1f],start_interpolation: 0,interpolation_duration: 1}
$data merge entity $(bone_arm_right) {transformation: [-0.9868f,0.1535f,0.0517f,-0.1864f,0.1614f,0.9577f,0.2381f,0.6994f,-0.013f,0.2433f,-0.9699f,-0.0439f,0f,0f,0f,1f],start_interpolation: 0,interpolation_duration: 1}
$data merge entity $(bone_arm_left) {transformation: [-0.9851f,-0.1631f,0.0541f,0.1891f,-0.1713f,0.9561f,-0.2375f,0.6747f,-0.013f,-0.2433f,-0.9699f,0.0439f,0f,0f,0f,1f],start_interpolation: 0,interpolation_duration: 1}
$data merge entity $(bone_body) {transformation: [-0.9998f,-0.0175f,0f,0.0081f,-0.0175f,0.9998f,0f,0.2965f,0f,0f,-1f,0f,0f,0f,0f,1f],start_interpolation: 0,interpolation_duration: 1}
$data merge entity $(bone_leg_left) {transformation: [-0.9985f,0.0551f,0.0021f,0.0894f,0.0542f,0.9719f,0.2289f,0.295f,0.0105f,0.2287f,-0.9734f,-0.0483f,0f,0f,0f,1f],start_interpolation: 0,interpolation_duration: 1}
$data merge entity $(bone_leg_right) {transformation: [-0.9991f,-0.0417f,-0.0039f,-0.0986f,-0.0405f,0.9862f,-0.1607f,0.3483f,0.0105f,-0.1604f,-0.987f,0.0337f,0f,0f,0f,1f],start_interpolation: 0,interpolation_duration: 1}