# This file was generated by Animated Java via MC-Build. It is not recommended to edit this file directly.
$data merge entity $(bone_bone) {transformation: [-1f,-0.0044f,0f,-0.1272f,-0.0044f,1f,0f,1.2883f,0f,0f,-1f,0.1875f,0f,0f,0f,1f],start_interpolation: 0,interpolation_duration: 1}
$data merge entity $(bone_hair) {transformation: [-1f,-0.0044f,0f,-0.003f,-0.0044f,1f,0f,1.4763f,0f,0f,-1f,0f,0f,0f,0f,1f],start_interpolation: 0,interpolation_duration: 1}
$data merge entity $(bone_head) {transformation: [-1f,-0.0044f,0f,0.0002f,-0.0044f,1f,0f,0.7263f,0f,0f,-1f,0f,0f,0f,0f,1f],start_interpolation: 0,interpolation_duration: 1}
$data merge entity $(bone_arm_right) {transformation: [-0.9874f,0.1449f,0.0637f,-0.187f,0.1574f,0.9408f,0.3003f,0.6935f,-0.0165f,0.3066f,-0.9517f,-0.0558f,0f,0f,0f,1f],start_interpolation: 0,interpolation_duration: 1}
$data merge entity $(bone_arm_left) {transformation: [-0.9885f,-0.1379f,0.0615f,0.1883f,-0.1501f,0.9418f,-0.3008f,0.6655f,-0.0165f,-0.3066f,-0.9517f,0.0558f,0f,0f,0f,1f],start_interpolation: 0,interpolation_duration: 1}
$data merge entity $(bone_body) {transformation: [-1f,-0.0087f,0f,0.0041f,-0.0087f,1f,0f,0.2889f,0f,0f,-1f,0f,0f,0f,0f,1f],start_interpolation: 0,interpolation_duration: 1}
$data merge entity $(bone_leg_left) {transformation: [-0.9988f,0.0483f,0.0005f,0.0853f,0.0464f,0.9569f,0.2866f,0.2889f,0.0133f,0.2863f,-0.9581f,-0.0592f,0f,0f,0f,1f],start_interpolation: 0,interpolation_duration: 1}
$data merge entity $(bone_leg_right) {transformation: [-0.9991f,-0.0423f,-0.0017f,-0.1024f,-0.0402f,0.9599f,-0.2774f,0.3094f,0.0133f,-0.2771f,-0.9607f,0.0082f,0f,0f,0f,1f],start_interpolation: 0,interpolation_duration: 1}