# This file was generated by Animated Java via MC-Build. It is not recommended to edit this file directly.
$data merge entity $(bone_ear_left) {transformation: [-1f,-0.0073f,0f,0.0789f,-0.0072f,0.9913f,0.1311f,0.516f,-0.0009f,0.1311f,-0.9914f,0.2393f,0f,0f,0f,1f],start_interpolation: 0,interpolation_duration: 1}
$data merge entity $(bone_ear_right) {transformation: [-1f,0.008f,0f,-0.0787f,0.008f,0.9913f,0.1311f,0.516f,0.0011f,0.1311f,-0.9914f,0.2393f,0f,0f,0f,1f],start_interpolation: 0,interpolation_duration: 1}
$data merge entity $(bone_head) {transformation: [-1f,0.0004f,0f,0f,0.0004f,0.9914f,0.1311f,0.4062f,0.0001f,0.1311f,-0.9914f,0.2215f,0f,0f,0f,1f],start_interpolation: 0,interpolation_duration: 1}
$data merge entity $(bone_bone) {transformation: [-1f,0.0001f,-0.0001f,0f,0.0001f,1f,0.0033f,0.1554f,0.0001f,0.0033f,-1f,-0.0746f,0f,0f,0f,1f],start_interpolation: 0,interpolation_duration: 1}
$data merge entity $(bone_tail) {transformation: [-1f,0f,0f,0f,0f,1f,-0.0008f,0.387f,0f,-0.0008f,-1f,-0.2177f,0f,0f,0f,1f],start_interpolation: 0,interpolation_duration: 1}
$data merge entity $(bone_body) {transformation: [-1f,0f,0f,0f,0f,1f,-0.0008f,0.2728f,0f,-0.0008f,-1f,0.0003f,0f,0f,0f,1f],start_interpolation: 0,interpolation_duration: 1}
$data merge entity $(bone_leg_left) {transformation: [-1f,0f,0f,0.1125f,0f,1f,0f,0.1499f,0f,0f,-1f,0.1875f,0f,0f,0f,1f],start_interpolation: 0,interpolation_duration: 1}
$data merge entity $(bone_leg_right) {transformation: [-1f,0f,0f,-0.1125f,0f,1f,0f,0.1499f,0f,0f,-1f,0.1875f,0f,0f,0f,1f],start_interpolation: 0,interpolation_duration: 1}
$data merge entity $(bone_leg2_left) {transformation: [-1f,0f,0f,0.1125f,0f,1f,0f,0.1499f,0f,0f,-1f,-0.1875f,0f,0f,0f,1f],start_interpolation: 0,interpolation_duration: 1}
$data merge entity $(bone_leg2_right) {transformation: [-1f,0f,0f,-0.1125f,0f,1f,0f,0.1499f,0f,0f,-1f,-0.1875f,0f,0f,0f,1f],start_interpolation: 0,interpolation_duration: 1}