# This file was generated by Animated Java via MC-Build. It is not recommended to edit this file directly.
$data merge entity $(bone_ear_left) {transformation: [-0.9936f,0.1131f,-0.0006f,0.077f,0.1109f,0.9751f,0.192f,0.4956f,0.0223f,0.1907f,-0.9814f,0.2549f,0f,0f,0f,1f],start_interpolation: 0,interpolation_duration: 1}
$data merge entity $(bone_ear_right) {transformation: [-0.9892f,-0.1467f,-0.0006f,-0.0807f,-0.1441f,0.9708f,0.192f,0.493f,-0.0276f,0.19f,-0.9814f,0.2544f,0f,0f,0f,1f],start_interpolation: 0,interpolation_duration: 1}
$data merge entity $(bone_head) {transformation: [-0.9999f,-0.017f,-0.0006f,0f,-0.0168f,0.9812f,0.192f,0.3858f,-0.0027f,0.192f,-0.9814f,0.2301f,0f,0f,0f,1f],start_interpolation: 0,interpolation_duration: 1}
$data merge entity $(bone_bone) {transformation: [-1f,0f,0f,0f,0f,0.9989f,-0.0478f,0.1428f,0f,-0.0478f,-0.9989f,-0.0704f,0f,0f,0f,1f],start_interpolation: 0,interpolation_duration: 1}
$data merge entity $(bone_tail) {transformation: [-1f,0f,0f,0f,0f,0.9998f,0.0174f,0.3746f,0f,0.0174f,-0.9998f,-0.2093f,0f,0f,0f,1f],start_interpolation: 0,interpolation_duration: 1}
$data merge entity $(bone_body) {transformation: [-1f,0f,0f,0f,0f,0.9998f,0.0174f,0.2564f,0f,0.0174f,-0.9998f,0.0066f,0f,0f,0f,1f],start_interpolation: 0,interpolation_duration: 1}
$data merge entity $(bone_leg_left) {transformation: [-1f,0f,0f,0.1125f,0f,1f,0f,0.1493f,0f,0f,-1f,0.1875f,0f,0f,0f,1f],start_interpolation: 0,interpolation_duration: 1}
$data merge entity $(bone_leg_right) {transformation: [-1f,0f,0f,-0.1125f,0f,1f,0f,0.1493f,0f,0f,-1f,0.1875f,0f,0f,0f,1f],start_interpolation: 0,interpolation_duration: 1}
$data merge entity $(bone_leg2_left) {transformation: [-1f,0f,0f,0.1125f,0f,1f,0f,0.1493f,0f,0f,-1f,-0.1875f,0f,0f,0f,1f],start_interpolation: 0,interpolation_duration: 1}
$data merge entity $(bone_leg2_right) {transformation: [-1f,0f,0f,-0.1125f,0f,1f,0f,0.1493f,0f,0f,-1f,-0.1875f,0f,0f,0f,1f],start_interpolation: 0,interpolation_duration: 1}