# This file was generated by Animated Java via MC-Build. It is not recommended to edit this file directly.
$data merge entity $(bone_ear_left) {transformation: [-0.9999f,0.0142f,0f,0.0787f,0.014f,0.9897f,0.1421f,0.5174f,0.002f,0.1421f,-0.9898f,0.2412f,0f,0f,0f,1f],start_interpolation: 0,interpolation_duration: 1}
$data merge entity $(bone_ear_right) {transformation: [-0.9999f,-0.0165f,0f,-0.0789f,-0.0163f,0.9897f,0.1421f,0.5172f,-0.0023f,0.1421f,-0.9898f,0.2411f,0f,0f,0f,1f],start_interpolation: 0,interpolation_duration: 1}
$data merge entity $(bone_head) {transformation: [-1f,-0.0012f,0f,0f,-0.0012f,0.9898f,0.1421f,0.4077f,-0.0002f,0.1421f,-0.9898f,0.2222f,0f,0f,0f,1f],start_interpolation: 0,interpolation_duration: 1}
$data merge entity $(bone_bone) {transformation: [-1f,-0.0002f,0.0001f,0f,-0.0002f,1f,-0.0063f,0.1573f,-0.0001f,-0.0063f,-1f,-0.0746f,0f,0f,0f,1f],start_interpolation: 0,interpolation_duration: 1}
$data merge entity $(bone_tail) {transformation: [-1f,0f,0f,0f,0f,1f,0.0017f,0.3897f,0f,0.0017f,-1f,-0.2171f,0f,0f,0f,1f],start_interpolation: 0,interpolation_duration: 1}
$data merge entity $(bone_body) {transformation: [-1f,0f,0f,0f,0f,1f,0.0017f,0.2749f,0f,0.0017f,-1f,0.0006f,0f,0f,0f,1f],start_interpolation: 0,interpolation_duration: 1}
$data merge entity $(bone_leg_left) {transformation: [-1f,0f,0f,0.1125f,0f,1f,0f,0.1501f,0f,0f,-1f,0.1875f,0f,0f,0f,1f],start_interpolation: 0,interpolation_duration: 1}
$data merge entity $(bone_leg_right) {transformation: [-1f,0f,0f,-0.1125f,0f,1f,0f,0.1501f,0f,0f,-1f,0.1875f,0f,0f,0f,1f],start_interpolation: 0,interpolation_duration: 1}
$data merge entity $(bone_leg2_left) {transformation: [-1f,0f,0f,0.1125f,0f,1f,0f,0.1501f,0f,0f,-1f,-0.1875f,0f,0f,0f,1f],start_interpolation: 0,interpolation_duration: 1}
$data merge entity $(bone_leg2_right) {transformation: [-1f,0f,0f,-0.1125f,0f,1f,0f,0.1501f,0f,0f,-1f,-0.1875f,0f,0f,0f,1f],start_interpolation: 0,interpolation_duration: 1}