# This file was generated by Animated Java via MC-Build. It is not recommended to edit this file directly.
$data merge entity $(bone_hair) {transformation: [-0.999f,0f,-0.0441f,-0.0225f,0f,1f,0f,1.5036f,0.0441f,0f,-0.999f,0f,0f,0f,0f,1f],start_interpolation: 0,interpolation_duration: 1}
$data merge entity $(bone_head) {transformation: [-0.999f,0f,-0.0441f,-0.0225f,0f,1f,0f,1.3145f,0.0441f,0f,-0.999f,0f,0f,0f,0f,1f],start_interpolation: 0,interpolation_duration: 1}
$data merge entity $(bone_arm_right) {transformation: [-0.9935f,0.1137f,0.0097f,-0.33f,0.1119f,0.9874f,-0.1116f,1.252f,-0.0223f,-0.1098f,-0.9937f,0.0581f,0f,0f,0f,1f],start_interpolation: 0,interpolation_duration: 1}
$data merge entity $(bone_arm_left) {transformation: [-0.9469f,-0.0832f,-0.3105f,0.285f,-0.1115f,0.9909f,0.0747f,1.252f,0.3014f,0.1054f,-0.9476f,-0.0581f,0f,0f,0f,1f],start_interpolation: 0,interpolation_duration: 1}
$data merge entity $(bone_body) {transformation: [-0.9912f,0f,-0.1324f,-0.0225f,0f,1f,0f,0.502f,0.1324f,0f,-0.9912f,0f,0f,0f,0f,1f],start_interpolation: 0,interpolation_duration: 1}
$data merge entity $(bone_leg_left) {transformation: [-1f,0.0075f,0.0014f,0.1025f,0.0076f,0.9857f,0.1686f,0.5292f,-0.0001f,0.1686f,-0.9857f,0.1677f,0f,0f,0f,1f],start_interpolation: 0,interpolation_duration: 1}
$data merge entity $(bone_leg_right) {transformation: [-0.9996f,-0.0295f,-0.0018f,-0.1475f,-0.0296f,0.9958f,0.0872f,0.4995f,-0.0008f,0.0872f,-0.9962f,-0.0214f,0f,0f,0f,1f],start_interpolation: 0,interpolation_duration: 1}