# This file was generated by Animated Java via MC-Build. It is not recommended to edit this file directly.
$data merge entity $(bone_hair) {transformation: [-0.9996f,0f,-0.0288f,0.0225f,0f,1f,0f,1.5036f,0.0288f,0f,-0.9996f,0f,0f,0f,0f,1f],start_interpolation: 0,interpolation_duration: 1}
$data merge entity $(bone_head) {transformation: [-0.9996f,0f,-0.0288f,0.0225f,0f,1f,0f,1.3145f,0.0288f,0f,-0.9996f,0f,0f,0f,0f,1f],start_interpolation: 0,interpolation_duration: 1}
$data merge entity $(bone_arm_right) {transformation: [-0.933f,0.0783f,0.3514f,-0.2815f,0.1117f,0.9908f,0.0759f,1.252f,-0.3422f,0.11f,-0.9332f,-0.0745f,0f,0f,0f,1f],start_interpolation: 0,interpolation_duration: 1}
$data merge entity $(bone_arm_left) {transformation: [-0.9935f,-0.1086f,0.0335f,0.3265f,-0.1117f,0.9873f,-0.1127f,1.252f,-0.0208f,-0.1157f,-0.9931f,0.0745f,0f,0f,0f,1f],start_interpolation: 0,interpolation_duration: 1}
$data merge entity $(bone_body) {transformation: [-0.9827f,0f,0.1852f,0.0225f,0f,1f,0f,0.502f,-0.1852f,0f,-0.9827f,0f,0f,0f,0f,1f],start_interpolation: 0,interpolation_duration: 1}
$data merge entity $(bone_leg_left) {transformation: [-1f,0.0042f,0.0023f,0.1475f,0.0044f,0.9962f,0.0871f,0.437f,-0.0019f,0.0871f,-0.9962f,-0.0214f,0f,0f,0f,1f],start_interpolation: 0,interpolation_duration: 1}
$data merge entity $(bone_leg_right) {transformation: [-0.9989f,-0.0459f,-0.0104f,-0.1025f,-0.047f,0.9846f,0.1685f,0.5917f,0.0025f,0.1688f,-0.9856f,0.1677f,0f,0f,0f,1f],start_interpolation: 0,interpolation_duration: 1}