# This file was generated by Animated Java via MC-Build. It is not recommended to edit this file directly.
$data merge entity $(bone_hair) {transformation: [-0.9992f,0f,-0.0402f,-0.0281f,0f,1f,0f,1.4953f,0.0402f,0f,-0.9992f,0f,0f,0f,0f,1f],start_interpolation: 0,interpolation_duration: 1}
$data merge entity $(bone_head) {transformation: [-0.9992f,0f,-0.0402f,-0.0281f,0f,1f,0f,1.4938f,0.0402f,0f,-0.9992f,0f,0f,0f,0f,1f],start_interpolation: 0,interpolation_duration: 1}
$data merge entity $(bone_arm_right) {transformation: [-0.9903f,0.1172f,0.0742f,-0.3395f,0.1161f,0.9931f,-0.0187f,1.4313f,-0.0759f,-0.0099f,-0.9971f,0.0262f,0f,0f,0f,1f],start_interpolation: 0,interpolation_duration: 1}
$data merge entity $(bone_arm_left) {transformation: [-0.9613f,-0.1172f,-0.2493f,0.2833f,-0.1159f,0.9931f,-0.0198f,1.4313f,0.2499f,0.0099f,-0.9682f,-0.0262f,0f,0f,0f,1f],start_interpolation: 0,interpolation_duration: 1}
$data merge entity $(bone_body) {transformation: [-0.9965f,0f,-0.0838f,-0.0281f,0f,1f,0f,0.8688f,0.0838f,0f,-0.9965f,0f,0f,0f,0f,1f],start_interpolation: 0,interpolation_duration: 1}
$data merge entity $(bone_leg_left) {transformation: [-0.9992f,0.0385f,0.0142f,0.0969f,0.041f,0.9374f,0.3458f,0.8828f,0f,0.3461f,-0.9382f,0.1313f,0f,0f,0f,1f],start_interpolation: 0,interpolation_duration: 1}
$data merge entity $(bone_leg_right) {transformation: [-0.9995f,-0.0323f,0f,-0.1531f,-0.0323f,0.9995f,0f,0.8063f,0f,0f,-1f,0f,0f,0f,0f,1f],start_interpolation: 0,interpolation_duration: 1}