# This file was generated by Animated Java via MC-Build. It is not recommended to edit this file directly.
$data merge entity $(bone_ear_left) {transformation: [-0.9999f,0f,-0.0148f,0.0789f,-0.0004f,0.9997f,0.0262f,0.379f,0.0148f,0.0262f,-0.9995f,0.3096f,0f,0f,0f,1f],start_interpolation: 0,interpolation_duration: 1}
$data merge entity $(bone_ear_right) {transformation: [-0.9999f,0f,0.0148f,-0.0788f,0.0004f,0.9997f,0.0262f,0.379f,-0.0148f,0.0262f,-0.9995f,0.3096f,0f,0f,0f,1f],start_interpolation: 0,interpolation_duration: 1}
$data merge entity $(bone_head) {transformation: [-1f,0f,0f,0f,0f,0.9997f,0.0262f,0.3823f,0f,0.0262f,-0.9997f,0.2314f,0f,0f,0f,1f],start_interpolation: 0,interpolation_duration: 1}
$data merge entity $(bone_tail) {transformation: [-1f,0f,0f,0f,0f,0.9997f,0.0262f,0.375f,0f,0.0262f,-0.9997f,-0.2081f,0f,0f,0f,1f],start_interpolation: 0,interpolation_duration: 1}
$data merge entity $(bone_body) {transformation: [-1f,0f,0f,0f,0f,0.9997f,0.0262f,0.2549f,0f,0.0262f,-0.9997f,0.0067f,0f,0f,0f,1f],start_interpolation: 0,interpolation_duration: 1}
$data merge entity $(bone_leg_left) {transformation: [-1f,0f,0f,0.1125f,0f,0.9304f,0.3665f,0.145f,0f,0.3665f,-0.9304f,0.1914f,0f,0f,0f,1f],start_interpolation: 0,interpolation_duration: 1}
$data merge entity $(bone_leg_right) {transformation: [-1f,0f,0f,-0.1125f,0f,0.9483f,-0.3173f,0.145f,0f,-0.3173f,-0.9483f,0.1914f,0f,0f,0f,1f],start_interpolation: 0,interpolation_duration: 1}
$data merge entity $(bone_leg2_left) {transformation: [-1f,0f,0f,0.1125f,0f,0.9897f,-0.1435f,0.1692f,0f,-0.1435f,-0.9897f,-0.1337f,0f,0f,0f,1f],start_interpolation: 0,interpolation_duration: 1}
$data merge entity $(bone_leg2_right) {transformation: [-1f,0f,0f,-0.1125f,0f,0.9997f,0.0262f,0.1174f,0f,0.0262f,-0.9997f,-0.1845f,0f,0f,0f,1f],start_interpolation: 0,interpolation_duration: 1}