# This file was generated by Animated Java via MC-Build. It is not recommended to edit this file directly.
$data merge entity $(bone_ear_left) {transformation: [-0.9911f,0.0634f,0.1171f,0.0789f,0.0703f,0.996f,0.0553f,0.3848f,-0.1132f,0.063f,-0.9916f,0.2994f,0f,0f,0f,1f],start_interpolation: 0,interpolation_duration: 1}
$data merge entity $(bone_ear_right) {transformation: [-0.9911f,-0.0634f,-0.1171f,-0.0788f,-0.0703f,0.996f,0.0553f,0.3848f,0.1132f,0.063f,-0.9916f,0.2994f,0f,0f,0f,1f],start_interpolation: 0,interpolation_duration: 1}
$data merge entity $(bone_head) {transformation: [-1f,0f,0f,0f,0f,0.999f,0.0436f,0.3895f,0f,0.0436f,-0.999f,0.2213f,0f,0f,0f,1f],start_interpolation: 0,interpolation_duration: 1}
$data merge entity $(bone_tail) {transformation: [-1f,0f,0f,0f,0f,1f,0f,0.3707f,0f,0f,-1f,-0.2179f,0f,0f,0f,1f],start_interpolation: 0,interpolation_duration: 1}
$data merge entity $(bone_body) {transformation: [-1f,0f,0f,0f,0f,1f,0f,0.2563f,0f,0f,-1f,0f,0f,0f,0f,1f],start_interpolation: 0,interpolation_duration: 1}
$data merge entity $(bone_leg_left) {transformation: [-1f,0f,0f,0.1125f,0f,0.9962f,0.0872f,0.1719f,0f,0.0872f,-0.9962f,0.1919f,0f,0f,0f,1f],start_interpolation: 0,interpolation_duration: 1}
$data merge entity $(bone_leg_right) {transformation: [-1f,0f,0f,-0.1125f,0f,0.9969f,-0.0785f,0.1488f,0f,-0.0785f,-0.9969f,0.2063f,0f,0f,0f,1f],start_interpolation: 0,interpolation_duration: 1}
$data merge entity $(bone_leg2_left) {transformation: [-1f,0f,0f,0.1125f,0f,0.964f,-0.2661f,0.1362f,0f,-0.2661f,-0.964f,-0.1162f,0f,0f,0f,1f],start_interpolation: 0,interpolation_duration: 1}
$data merge entity $(bone_leg2_right) {transformation: [-1f,0f,0f,-0.1125f,0f,0.985f,0.1726f,0.1119f,0f,0.1726f,-0.985f,-0.205f,0f,0f,0f,1f],start_interpolation: 0,interpolation_duration: 1}