# This file was generated by Animated Java via MC-Build. It is not recommended to edit this file directly.
$data merge entity $(bone_ear_left) {transformation: [-0.9974f,0.0331f,0.0638f,0.0789f,0.0359f,0.9984f,0.0444f,0.3824f,-0.0623f,0.0466f,-0.997f,0.3036f,0f,0f,0f,1f],start_interpolation: 0,interpolation_duration: 1}
$data merge entity $(bone_ear_right) {transformation: [-0.9974f,-0.0331f,-0.0638f,-0.0788f,-0.0359f,0.9984f,0.0444f,0.3824f,0.0623f,0.0466f,-0.997f,0.3036f,0f,0f,0f,1f],start_interpolation: 0,interpolation_duration: 1}
$data merge entity $(bone_head) {transformation: [-1f,0f,0f,0f,0f,0.9993f,0.0365f,0.3866f,0f,0.0365f,-0.9993f,0.2254f,0f,0f,0f,1f],start_interpolation: 0,interpolation_duration: 1}
$data merge entity $(bone_tail) {transformation: [-1f,0f,0f,0f,0f,0.9999f,0.0107f,0.3724f,0f,0.0107f,-0.9999f,-0.2139f,0f,0f,0f,1f],start_interpolation: 0,interpolation_duration: 1}
$data merge entity $(bone_body) {transformation: [-1f,0f,0f,0f,0f,0.9999f,0.0107f,0.2557f,0f,0.0107f,-0.9999f,0.0027f,0f,0f,0f,1f],start_interpolation: 0,interpolation_duration: 1}
$data merge entity $(bone_leg_left) {transformation: [-1f,0f,0f,0.1125f,0f,0.9576f,-0.2882f,0.1628f,0f,-0.2882f,-0.9576f,0.1891f,0f,0f,0f,1f],start_interpolation: 0,interpolation_duration: 1}
$data merge entity $(bone_leg_right) {transformation: [-1f,0f,0f,-0.1125f,0f,0.951f,0.3093f,0.1421f,0f,0.3093f,-0.951f,0.1874f,0f,0f,0f,1f],start_interpolation: 0,interpolation_duration: 1}
$data merge entity $(bone_leg2_left) {transformation: [-1f,0f,0f,0.1125f,0f,0.9996f,-0.0297f,0.1136f,0f,-0.0297f,-0.9996f,-0.1455f,0f,0f,0f,1f],start_interpolation: 0,interpolation_duration: 1}
$data merge entity $(bone_leg2_right) {transformation: [-1f,0f,0f,-0.1125f,0f,1f,0.007f,0.1569f,0f,0.007f,-1f,-0.1605f,0f,0f,0f,1f],start_interpolation: 0,interpolation_duration: 1}