# This file was generated by Animated Java via MC-Build. It is not recommended to edit this file directly.
$data merge entity $(bone_ear_left) {transformation: [-0.9718f,0.0983f,0.2145f,0.0789f,0.1131f,0.9919f,0.0577f,0.3873f,-0.2071f,0.0803f,-0.975f,0.2952f,0f,0f,0f,1f],start_interpolation: 0,interpolation_duration: 1}
$data merge entity $(bone_ear_right) {transformation: [-0.9718f,-0.0983f,-0.2145f,-0.0788f,-0.1131f,0.9919f,0.0577f,0.3873f,0.2071f,0.0803f,-0.975f,0.2952f,0f,0f,0f,1f],start_interpolation: 0,interpolation_duration: 1}
$data merge entity $(bone_head) {transformation: [-1f,0f,0f,0f,0f,0.9987f,0.0507f,0.3926f,0f,0.0507f,-0.9987f,0.2171f,0f,0f,0f,1f],start_interpolation: 0,interpolation_duration: 1}
$data merge entity $(bone_tail) {transformation: [-1f,0f,0f,0f,0f,0.9999f,-0.0107f,0.3691f,0f,-0.0107f,-0.9999f,-0.2218f,0f,0f,0f,1f],start_interpolation: 0,interpolation_duration: 1}
$data merge entity $(bone_body) {transformation: [-1f,0f,0f,0f,0f,0.9999f,-0.0107f,0.257f,0f,-0.0107f,-0.9999f,-0.0027f,0f,0f,0f,1f],start_interpolation: 0,interpolation_duration: 1}
$data merge entity $(bone_leg_left) {transformation: [-0.9999f,0.0116f,0.0044f,0.1126f,0.0121f,0.985f,0.1721f,0.1341f,-0.0023f,0.1721f,-0.9851f,0.1733f,0f,0f,0f,1f],start_interpolation: 0,interpolation_duration: 1}
$data merge entity $(bone_leg_right) {transformation: [-1f,0f,0f,-0.1125f,0f,0.969f,-0.2472f,0.1798f,0f,-0.2472f,-0.969f,0.1897f,0f,0f,0f,1f],start_interpolation: 0,interpolation_duration: 1}
$data merge entity $(bone_leg2_left) {transformation: [-1f,0f,0f,0.1125f,0f,0.9838f,0.179f,0.1276f,0f,0.179f,-0.9838f,-0.1884f,0f,0f,0f,1f],start_interpolation: 0,interpolation_duration: 1}
$data merge entity $(bone_leg2_right) {transformation: [-1f,0f,0f,-0.1125f,0f,0.9906f,-0.1368f,0.1094f,0f,-0.1368f,-0.9906f,-0.1046f,0f,0f,0f,1f],start_interpolation: 0,interpolation_duration: 1}