# This file was generated by Animated Java via MC-Build. It is not recommended to edit this file directly.
$data merge entity $(bone_hair) {transformation: [-1f,-0.0048f,0.0044f,0.0076f,-0.0048f,1f,-0.0013f,1.4987f,-0.0044f,-0.0013f,-1f,0.0011f,0f,0f,0f,1f],start_interpolation: 0,interpolation_duration: 1}
$data merge entity $(bone_head) {transformation: [-1f,-0.0048f,0.0044f,0.0076f,-0.0048f,1f,-0.0013f,1.4987f,-0.0044f,-0.0013f,-1f,0.0011f,0f,0f,0f,1f],start_interpolation: 0,interpolation_duration: 1}
$data merge entity $(bone_arm_right) {transformation: [-0.9845f,0.1101f,0.1364f,-0.2937f,0.1114f,0.9938f,0.002f,1.3806f,-0.1353f,0.0172f,-0.9907f,-0.0151f,0f,0f,0f,1f],start_interpolation: 0,interpolation_duration: 1}
$data merge entity $(bone_arm_left) {transformation: [-0.9845f,-0.1233f,-0.1243f,0.3111f,-0.1244f,0.9922f,0.0011f,1.3861f,0.1232f,0.0165f,-0.9922f,-0.0151f,0f,0f,0f,1f],start_interpolation: 0,interpolation_duration: 1}
$data merge entity $(bone_body) {transformation: [-1f,-0.0092f,0f,0.0145f,-0.0092f,1f,0.0015f,0.7487f,0f,0.0015f,-1f,0f,0f,0f,0f,1f],start_interpolation: 0,interpolation_duration: 1}
$data merge entity $(bone_leg_left) {transformation: [-0.9926f,-0.0541f,0.1086f,0.1394f,-0.0537f,0.9985f,0.0071f,0.6871f,-0.1089f,0.0012f,-0.9941f,0.0006f,0f,0f,0f,1f],start_interpolation: 0,interpolation_duration: 1}
$data merge entity $(bone_leg_right) {transformation: [-0.9892f,0.0636f,-0.1322f,-0.1104f,0.0632f,0.998f,0.0075f,0.687f,0.1324f,-0.001f,-0.9912f,0f,0f,0f,0f,1f],start_interpolation: 0,interpolation_duration: 1}