# This file was generated by Animated Java via MC-Build. It is not recommended to edit this file directly.
$data merge entity $(bone_hair) {transformation: [-0.9999f,-0.0133f,0.0037f,0.0395f,-0.0131f,0.9994f,0.033f,1.4732f,-0.0042f,0.033f,-0.9994f,0.0364f,0f,0f,0f,1f],start_interpolation: 0,interpolation_duration: 1}
$data merge entity $(bone_head) {transformation: [-0.9999f,-0.0133f,0.0037f,0.0395f,-0.0131f,0.9994f,0.033f,1.4732f,-0.0042f,0.033f,-0.9994f,0.0364f,0f,0f,0f,1f],start_interpolation: 0,interpolation_duration: 1}
$data merge entity $(bone_arm_right) {transformation: [-0.9855f,0.1016f,0.1356f,-0.2609f,0.1092f,0.9928f,0.0498f,1.3531f,-0.1295f,0.0639f,-0.9895f,0.0146f,0f,0f,0f,1f],start_interpolation: 0,interpolation_duration: 1}
$data merge entity $(bone_arm_left) {transformation: [-0.9833f,-0.1318f,-0.1252f,0.344f,-0.1385f,0.9893f,0.0467f,1.3639f,0.1177f,0.0633f,-0.991f,0.0146f,0f,0f,0f,1f],start_interpolation: 0,interpolation_duration: 1}
$data merge entity $(bone_body) {transformation: [-0.9998f,-0.0177f,-0.0009f,0.0528f,-0.0177f,0.9987f,0.0485f,0.7242f,0f,0.0485f,-0.9988f,0f,0f,0f,0f,1f],start_interpolation: 0,interpolation_duration: 1}
$data merge entity $(bone_leg_left) {transformation: [-0.9941f,-0.005f,0.1086f,0.1763f,-0.0023f,0.9997f,0.0242f,0.6794f,-0.1087f,0.0238f,-0.9938f,0.0129f,0f,0f,0f,1f],start_interpolation: 0,interpolation_duration: 1}
$data merge entity $(bone_leg_right) {transformation: [-0.9897f,0.1144f,-0.0857f,-0.0703f,0.1146f,0.9934f,0.002f,0.6777f,0.0854f,-0.0079f,-0.9963f,-0.0001f,0f,0f,0f,1f],start_interpolation: 0,interpolation_duration: 1}