# This file was generated by Animated Java via MC-Build. It is not recommended to edit this file directly.
$data merge entity $(bone_ear_left) {transformation: [-0.9996f,0.0109f,0.0243f,0.0789f,0.0152f,0.9828f,0.1839f,0.4928f,-0.0218f,0.1842f,-0.9826f,0.2341f,0f,0f,0f,1f],start_interpolation: 0,interpolation_duration: 1}
$data merge entity $(bone_ear_right) {transformation: [-0.9996f,-0.0109f,-0.0243f,-0.0789f,-0.0152f,0.9828f,0.1839f,0.4928f,0.0218f,0.1842f,-0.9826f,0.2341f,0f,0f,0f,1f],start_interpolation: 0,interpolation_duration: 1}
$data merge entity $(bone_head) {transformation: [-1f,0f,0f,0f,0f,0.9835f,0.1811f,0.3841f,0f,0.1811f,-0.9835f,0.2108f,0f,0f,0f,1f],start_interpolation: 0,interpolation_duration: 1}
$data merge entity $(bone_bone) {transformation: [-1f,0f,0f,0f,0f,0.9998f,0.0213f,0.133f,0f,0.0213f,-0.9998f,-0.0722f,0f,0f,0f,1f],start_interpolation: 0,interpolation_duration: 1}
$data merge entity $(bone_tail) {transformation: [-1f,0f,0f,0f,0f,0.9998f,0.0213f,0.3742f,0f,0.0213f,-0.9998f,-0.2099f,0f,0f,0f,1f],start_interpolation: 0,interpolation_duration: 1}
$data merge entity $(bone_body) {transformation: [-1f,0f,0f,0f,0f,0.9998f,0.0213f,0.2552f,0f,0.0213f,-0.9998f,0.0054f,0f,0f,0f,1f],start_interpolation: 0,interpolation_duration: 1}
$data merge entity $(bone_leg_left) {transformation: [-1f,-0.0014f,0.0002f,0.1125f,-0.0014f,0.9645f,-0.2642f,0.1399f,0.0002f,-0.2642f,-0.9645f,0.2007f,0f,0f,0f,1f],start_interpolation: 0,interpolation_duration: 1}
$data merge entity $(bone_leg_right) {transformation: [-1f,0f,0f,-0.1125f,0f,0.9526f,0.3041f,0.1522f,0f,0.3041f,-0.9526f,0.1919f,0f,0f,0f,1f],start_interpolation: 0,interpolation_duration: 1}
$data merge entity $(bone_leg2_left) {transformation: [-1f,0f,0f,0.1125f,0f,0.9974f,0.0721f,0.1525f,0f,0.0721f,-0.9974f,-0.1938f,0f,0f,0f,1f],start_interpolation: 0,interpolation_duration: 1}
$data merge entity $(bone_leg2_right) {transformation: [-1f,0f,0f,-0.1125f,0f,0.9813f,-0.1925f,0.1996f,0f,-0.1925f,-0.9813f,-0.1255f,0f,0f,0f,1f],start_interpolation: 0,interpolation_duration: 1}