# This file was generated by Animated Java via MC-Build. It is not recommended to edit this file directly.
$data merge entity $(bone_ear_left) {transformation: [-0.9999f,0.0109f,0.0102f,0.0789f,0.0126f,0.9828f,0.1841f,0.4928f,-0.008f,0.1842f,-0.9829f,0.2341f,0f,0f,0f,1f],start_interpolation: 0,interpolation_duration: 1}
$data merge entity $(bone_ear_right) {transformation: [-0.9999f,-0.0109f,-0.0102f,-0.0789f,-0.0126f,0.9828f,0.1841f,0.4928f,0.008f,0.1842f,-0.9829f,0.2341f,0f,0f,0f,1f],start_interpolation: 0,interpolation_duration: 1}
$data merge entity $(bone_head) {transformation: [-1f,0f,0f,0f,0f,0.9835f,0.1811f,0.3841f,0f,0.1811f,-0.9835f,0.2108f,0f,0f,0f,1f],start_interpolation: 0,interpolation_duration: 1}
$data merge entity $(bone_bone) {transformation: [-1f,0f,0f,0f,0f,0.9998f,0.0213f,0.133f,0f,0.0213f,-0.9998f,-0.0722f,0f,0f,0f,1f],start_interpolation: 0,interpolation_duration: 1}
$data merge entity $(bone_tail) {transformation: [-1f,0f,0f,0f,0f,0.9998f,0.0213f,0.3742f,0f,0.0213f,-0.9998f,-0.2099f,0f,0f,0f,1f],start_interpolation: 0,interpolation_duration: 1}
$data merge entity $(bone_body) {transformation: [-1f,0f,0f,0f,0f,0.9998f,0.0213f,0.2552f,0f,0.0213f,-0.9998f,0.0054f,0f,0f,0f,1f],start_interpolation: 0,interpolation_duration: 1}
$data merge entity $(bone_leg_left) {transformation: [-1f,-0.0012f,-0.0007f,0.1125f,-0.0014f,0.9311f,0.3648f,0.1394f,0.0002f,0.3648f,-0.9311f,0.1855f,0f,0f,0f,1f],start_interpolation: 0,interpolation_duration: 1}
$data merge entity $(bone_leg_right) {transformation: [-1f,0f,0f,-0.1125f,0f,0.9476f,-0.3194f,0.1516f,0f,-0.3194f,-0.9476f,0.19f,0f,0f,0f,1f],start_interpolation: 0,interpolation_duration: 1}
$data merge entity $(bone_leg2_left) {transformation: [-1f,0f,0f,0.1125f,0f,0.9972f,-0.0744f,0.2022f,0f,-0.0744f,-0.9972f,-0.1452f,0f,0f,0f,1f],start_interpolation: 0,interpolation_duration: 1}
$data merge entity $(bone_leg2_right) {transformation: [-1f,0f,0f,-0.1125f,0f,0.9999f,0.0163f,0.1549f,0f,0.0163f,-0.9999f,-0.1606f,0f,0f,0f,1f],start_interpolation: 0,interpolation_duration: 1}