# This file was generated by Animated Java via MC-Build. It is not recommended to edit this file directly.
$data merge entity $(bone_ear_left) {transformation: [-0.9999f,0f,-0.0148f,0.0789f,-0.0026f,0.984f,0.1779f,0.4917f,0.0146f,0.1779f,-0.9839f,0.2356f,0f,0f,0f,1f],start_interpolation: 0,interpolation_duration: 1}
$data merge entity $(bone_ear_right) {transformation: [-0.9999f,0f,0.0148f,-0.0789f,0.0026f,0.984f,0.1779f,0.4917f,-0.0146f,0.1779f,-0.9839f,0.2356f,0f,0f,0f,1f],start_interpolation: 0,interpolation_duration: 1}
$data merge entity $(bone_head) {transformation: [-1f,0f,0f,0f,0f,0.984f,0.1779f,0.3828f,0f,0.1779f,-0.984f,0.2126f,0f,0f,0f,1f],start_interpolation: 0,interpolation_duration: 1}
$data merge entity $(bone_bone) {transformation: [-1f,0f,0f,0f,0f,0.9997f,0.0262f,0.1332f,0f,0.0262f,-0.9997f,-0.0715f,0f,0f,0f,1f],start_interpolation: 0,interpolation_duration: 1}
$data merge entity $(bone_tail) {transformation: [-1f,0f,0f,0f,0f,0.9997f,0.0262f,0.375f,0f,0.0262f,-0.9997f,-0.2081f,0f,0f,0f,1f],start_interpolation: 0,interpolation_duration: 1}
$data merge entity $(bone_body) {transformation: [-1f,0f,0f,0f,0f,0.9997f,0.0262f,0.2549f,0f,0.0262f,-0.9997f,0.0067f,0f,0f,0f,1f],start_interpolation: 0,interpolation_duration: 1}
$data merge entity $(bone_leg_left) {transformation: [-1f,0f,0f,0.1125f,0f,0.9304f,0.3665f,0.145f,0f,0.3665f,-0.9304f,0.1914f,0f,0f,0f,1f],start_interpolation: 0,interpolation_duration: 1}
$data merge entity $(bone_leg_right) {transformation: [-1f,0f,0f,-0.1125f,0f,0.9483f,-0.3173f,0.145f,0f,-0.3173f,-0.9483f,0.1914f,0f,0f,0f,1f],start_interpolation: 0,interpolation_duration: 1}
$data merge entity $(bone_leg2_left) {transformation: [-1f,0f,0f,0.1125f,0f,0.9897f,-0.1435f,0.2067f,0f,-0.1435f,-0.9897f,-0.1328f,0f,0f,0f,1f],start_interpolation: 0,interpolation_duration: 1}
$data merge entity $(bone_leg2_right) {transformation: [-1f,0f,0f,-0.1125f,0f,0.9997f,0.0262f,0.1549f,0f,0.0262f,-0.9997f,-0.1835f,0f,0f,0f,1f],start_interpolation: 0,interpolation_duration: 1}