# This file was generated by Animated Java via MC-Build. It is not recommended to edit this file directly.
$data merge entity $(bone_ear_left) {transformation: [-1f,0.0093f,0.0027f,0.0789f,0.0096f,0.9829f,0.1839f,0.4928f,-0.0009f,0.1839f,-0.9829f,0.2341f,0f,0f,0f,1f],start_interpolation: 0,interpolation_duration: 1}
$data merge entity $(bone_ear_right) {transformation: [-1f,-0.0093f,-0.0027f,-0.0789f,-0.0096f,0.9829f,0.1839f,0.4928f,0.0009f,0.1839f,-0.9829f,0.2341f,0f,0f,0f,1f],start_interpolation: 0,interpolation_duration: 1}
$data merge entity $(bone_head) {transformation: [-1f,0f,0f,0f,0f,0.9835f,0.1811f,0.3841f,0f,0.1811f,-0.9835f,0.2108f,0f,0f,0f,1f],start_interpolation: 0,interpolation_duration: 1}
$data merge entity $(bone_bone) {transformation: [-1f,0f,0f,0f,0f,0.9998f,0.0213f,0.133f,0f,0.0213f,-0.9998f,-0.0722f,0f,0f,0f,1f],start_interpolation: 0,interpolation_duration: 1}
$data merge entity $(bone_tail) {transformation: [-1f,0f,0f,0f,0f,0.9998f,0.0213f,0.3742f,0f,0.0213f,-0.9998f,-0.2099f,0f,0f,0f,1f],start_interpolation: 0,interpolation_duration: 1}
$data merge entity $(bone_body) {transformation: [-1f,0f,0f,0f,0f,0.9998f,0.0213f,0.2552f,0f,0.0213f,-0.9998f,0.0054f,0f,0f,0f,1f],start_interpolation: 0,interpolation_duration: 1}
$data merge entity $(bone_leg_left) {transformation: [-1f,0f,0f,0.1125f,0f,0.9526f,0.3041f,0.1531f,0f,0.3041f,-0.9526f,0.1931f,0f,0f,0f,1f],start_interpolation: 0,interpolation_duration: 1}
$data merge entity $(bone_leg_right) {transformation: [-1f,0f,0f,-0.1125f,0f,0.9655f,-0.2604f,0.1442f,0f,-0.2604f,-0.9655f,0.1967f,0f,0f,0f,1f],start_interpolation: 0,interpolation_duration: 1}
$data merge entity $(bone_leg2_left) {transformation: [-1f,0f,0f,0.1125f,0f,0.9813f,-0.1925f,0.2003f,0f,-0.1925f,-0.9813f,-0.1251f,0f,0f,0f,1f],start_interpolation: 0,interpolation_duration: 1}
$data merge entity $(bone_leg2_right) {transformation: [-1f,0f,0f,-0.1125f,0f,0.9977f,0.0676f,0.1535f,0f,0.0676f,-0.9977f,-0.1951f,0f,0f,0f,1f],start_interpolation: 0,interpolation_duration: 1}