# This file was generated by Animated Java via MC-Build. It is not recommended to edit this file directly.
$data merge entity $(bone_ear_left) {transformation: [-0.9788f,0.0924f,0.1829f,0.0789f,0.1307f,0.969f,0.2098f,0.5006f,-0.1579f,0.2293f,-0.9605f,0.224f,0f,0f,0f,1f],start_interpolation: 0,interpolation_duration: 1}
$data merge entity $(bone_ear_right) {transformation: [-0.9788f,-0.0924f,-0.1829f,-0.0789f,-0.1307f,0.969f,0.2098f,0.5006f,0.1579f,0.2293f,-0.9605f,0.224f,0f,0f,0f,1f],start_interpolation: 0,interpolation_duration: 1}
$data merge entity $(bone_head) {transformation: [-1f,0f,0f,0f,0f,0.9794f,0.2021f,0.3924f,0f,0.2021f,-0.9794f,0.1984f,0f,0f,0f,1f],start_interpolation: 0,interpolation_duration: 1}
$data merge entity $(bone_bone) {transformation: [-1f,0f,0f,0f,0f,0.9999f,-0.0107f,0.1324f,0f,-0.0107f,-0.9999f,-0.0764f,0f,0f,0f,1f],start_interpolation: 0,interpolation_duration: 1}
$data merge entity $(bone_tail) {transformation: [-1f,0f,0f,0f,0f,0.9999f,-0.0107f,0.3691f,0f,-0.0107f,-0.9999f,-0.2218f,0f,0f,0f,1f],start_interpolation: 0,interpolation_duration: 1}
$data merge entity $(bone_body) {transformation: [-1f,0f,0f,0f,0f,0.9999f,-0.0107f,0.257f,0f,-0.0107f,-0.9999f,-0.0027f,0f,0f,0f,1f],start_interpolation: 0,interpolation_duration: 1}
$data merge entity $(bone_leg_left) {transformation: [-1f,0f,0f,0.1125f,0f,0.9999f,-0.0171f,0.1808f,0f,-0.0171f,-0.9999f,0.1912f,0f,0f,0f,1f],start_interpolation: 0,interpolation_duration: 1}
$data merge entity $(bone_leg_right) {transformation: [-1f,0f,0f,-0.1125f,0f,1f,0.0026f,0.1483f,0f,0.0026f,-1f,0.2006f,0f,0f,0f,1f],start_interpolation: 0,interpolation_duration: 1}
$data merge entity $(bone_leg2_left) {transformation: [-1f,0f,0f,0.1125f,0f,0.9469f,-0.3217f,0.1599f,0f,-0.3217f,-0.9469f,-0.1123f,0f,0f,0f,1f],start_interpolation: 0,interpolation_duration: 1}
$data merge entity $(bone_leg2_right) {transformation: [-1f,0f,0f,-0.1125f,0f,0.9721f,0.2344f,0.1481f,0f,0.2344f,-0.9721f,-0.2088f,0f,0f,0f,1f],start_interpolation: 0,interpolation_duration: 1}