# This file was generated by Animated Java via MC-Build. It is not recommended to edit this file directly.
$data merge entity $(bone_ear_left) {transformation: [-0.965f,0.1138f,0.2363f,0.0789f,0.1652f,0.9635f,0.2107f,0.5033f,-0.2037f,0.2423f,-0.9486f,0.2206f,0f,0f,0f,1f],start_interpolation: 0,interpolation_duration: 1}
$data merge entity $(bone_ear_right) {transformation: [-0.965f,-0.1138f,-0.2363f,-0.0789f,-0.1652f,0.9635f,0.2107f,0.5033f,0.2037f,0.2423f,-0.9486f,0.2206f,0f,0f,0f,1f],start_interpolation: 0,interpolation_duration: 1}
$data merge entity $(bone_head) {transformation: [-1f,0f,0f,0f,0f,0.9779f,0.209f,0.3952f,0f,0.209f,-0.9779f,0.1942f,0f,0f,0f,1f],start_interpolation: 0,interpolation_duration: 1}
$data merge entity $(bone_bone) {transformation: [-1f,0f,0f,0f,0f,0.9998f,-0.0213f,0.1324f,0f,-0.0213f,-0.9998f,-0.0778f,0f,0f,0f,1f],start_interpolation: 0,interpolation_duration: 1}
$data merge entity $(bone_tail) {transformation: [-1f,0f,0f,0f,0f,0.9998f,-0.0213f,0.3675f,0f,-0.0213f,-0.9998f,-0.2257f,0f,0f,0f,1f],start_interpolation: 0,interpolation_duration: 1}
$data merge entity $(bone_body) {transformation: [-1f,0f,0f,0f,0f,0.9998f,-0.0213f,0.2577f,0f,-0.0213f,-0.9998f,-0.0054f,0f,0f,0f,1f],start_interpolation: 0,interpolation_duration: 1}
$data merge entity $(bone_leg_left) {transformation: [-1f,0f,0f,0.1125f,0f,0.9718f,-0.2356f,0.1889f,0f,-0.2356f,-0.9718f,0.1892f,0f,0f,0f,1f],start_interpolation: 0,interpolation_duration: 1}
$data merge entity $(bone_leg_right) {transformation: [-1f,0f,0f,-0.1125f,0f,0.9811f,0.1933f,0.1442f,0f,0.1933f,-0.9811f,0.1825f,0f,0f,0f,1f],start_interpolation: 0,interpolation_duration: 1}
$data merge entity $(bone_leg2_left) {transformation: [-1f,0f,0f,0.1125f,0f,0.951f,-0.3092f,0.137f,0f,-0.3092f,-0.951f,-0.1122f,0f,0f,0f,1f],start_interpolation: 0,interpolation_duration: 1}
$data merge entity $(bone_leg2_right) {transformation: [-1f,0f,0f,-0.1125f,0f,0.9634f,0.2682f,0.16f,0f,0.2682f,-0.9634f,-0.2002f,0f,0f,0f,1f],start_interpolation: 0,interpolation_duration: 1}