# This file was generated by Animated Java via MC-Build. It is not recommended to edit this file directly.
$data merge entity $(bone_ear_left) {transformation: [-0.9961f,0.0364f,0.0799f,0.0789f,0.0515f,0.9794f,0.1952f,0.4954f,-0.0712f,0.1986f,-0.9775f,0.2308f,0f,0f,0f,1f],start_interpolation: 0,interpolation_duration: 1}
$data merge entity $(bone_ear_right) {transformation: [-0.9961f,-0.0364f,-0.0799f,-0.0789f,-0.0515f,0.9794f,0.1952f,0.4954f,0.0712f,0.1986f,-0.9775f,0.2308f,0f,0f,0f,1f],start_interpolation: 0,interpolation_duration: 1}
$data merge entity $(bone_head) {transformation: [-1f,0f,0f,0f,0f,0.9821f,0.1881f,0.3868f,0f,0.1881f,-0.9821f,0.2067f,0f,0f,0f,1f],start_interpolation: 0,interpolation_duration: 1}
$data merge entity $(bone_bone) {transformation: [-1f,0f,0f,0f,0f,0.9999f,0.0107f,0.1327f,0f,0.0107f,-0.9999f,-0.0736f,0f,0f,0f,1f],start_interpolation: 0,interpolation_duration: 1}
$data merge entity $(bone_tail) {transformation: [-1f,0f,0f,0f,0f,0.9999f,0.0107f,0.3724f,0f,0.0107f,-0.9999f,-0.2139f,0f,0f,0f,1f],start_interpolation: 0,interpolation_duration: 1}
$data merge entity $(bone_body) {transformation: [-1f,0f,0f,0f,0f,0.9999f,0.0107f,0.2557f,0f,0.0107f,-0.9999f,0.0027f,0f,0f,0f,1f],start_interpolation: 0,interpolation_duration: 1}
$data merge entity $(bone_leg_left) {transformation: [-1f,-0.0027f,0f,0.1125f,-0.0027f,0.9836f,-0.1803f,0.1369f,0.0005f,-0.1803f,-0.9836f,0.2128f,0f,0f,0f,1f],start_interpolation: 0,interpolation_duration: 1}
$data merge entity $(bone_leg_right) {transformation: [-1f,0f,0f,-0.1125f,0f,0.9804f,0.1968f,0.162f,0f,0.1968f,-0.9804f,0.1917f,0f,0f,0f,1f],start_interpolation: 0,interpolation_duration: 1}
$data merge entity $(bone_leg2_left) {transformation: [-1f,0f,0f,0.1125f,0f,0.9925f,0.1225f,0.1481f,0f,0.1225f,-0.9925f,-0.2004f,0f,0f,0f,1f],start_interpolation: 0,interpolation_duration: 1}
$data merge entity $(bone_leg2_right) {transformation: [-1f,0f,0f,-0.1125f,0f,0.9733f,-0.2294f,0.1865f,0f,-0.2294f,-0.9733f,-0.1212f,0f,0f,0f,1f],start_interpolation: 0,interpolation_duration: 1}