# This file was generated by Animated Java via MC-Build. It is not recommended to edit this file directly.
$data merge entity $(bone_ear_left) {transformation: [-0.9718f,0.0983f,0.2145f,0.0789f,0.1433f,0.9682f,0.2053f,0.5006f,-0.1875f,0.2303f,-0.9549f,0.224f,0f,0f,0f,1f],start_interpolation: 0,interpolation_duration: 1}
$data merge entity $(bone_ear_right) {transformation: [-0.9718f,-0.0983f,-0.2145f,-0.0789f,-0.1433f,0.9682f,0.2053f,0.5006f,0.1875f,0.2303f,-0.9549f,0.224f,0f,0f,0f,1f],start_interpolation: 0,interpolation_duration: 1}
$data merge entity $(bone_head) {transformation: [-1f,0f,0f,0f,0f,0.9794f,0.2021f,0.3924f,0f,0.2021f,-0.9794f,0.1984f,0f,0f,0f,1f],start_interpolation: 0,interpolation_duration: 1}
$data merge entity $(bone_bone) {transformation: [-1f,0f,0f,0f,0f,0.9999f,-0.0107f,0.1324f,0f,-0.0107f,-0.9999f,-0.0764f,0f,0f,0f,1f],start_interpolation: 0,interpolation_duration: 1}
$data merge entity $(bone_tail) {transformation: [-1f,0f,0f,0f,0f,0.9999f,-0.0107f,0.3691f,0f,-0.0107f,-0.9999f,-0.2218f,0f,0f,0f,1f],start_interpolation: 0,interpolation_duration: 1}
$data merge entity $(bone_body) {transformation: [-1f,0f,0f,0f,0f,0.9999f,-0.0107f,0.257f,0f,-0.0107f,-0.9999f,-0.0027f,0f,0f,0f,1f],start_interpolation: 0,interpolation_duration: 1}
$data merge entity $(bone_leg_left) {transformation: [-0.9999f,0.0116f,0.0044f,0.1126f,0.0121f,0.985f,0.1721f,0.1341f,-0.0023f,0.1721f,-0.9851f,0.1733f,0f,0f,0f,1f],start_interpolation: 0,interpolation_duration: 1}
$data merge entity $(bone_leg_right) {transformation: [-1f,0f,0f,-0.1125f,0f,0.969f,-0.2472f,0.1798f,0f,-0.2472f,-0.969f,0.1897f,0f,0f,0f,1f],start_interpolation: 0,interpolation_duration: 1}
$data merge entity $(bone_leg2_left) {transformation: [-1f,0f,0f,0.1125f,0f,0.9838f,0.179f,0.1651f,0f,0.179f,-0.9838f,-0.1888f,0f,0f,0f,1f],start_interpolation: 0,interpolation_duration: 1}
$data merge entity $(bone_leg2_right) {transformation: [-1f,0f,0f,-0.1125f,0f,0.9906f,-0.1368f,0.1469f,0f,-0.1368f,-0.9906f,-0.105f,0f,0f,0f,1f],start_interpolation: 0,interpolation_duration: 1}