# This file was generated by Animated Java via MC-Build. It is not recommended to edit this file directly.
$data merge entity $(bone_ear_left) {transformation: [-0.9876f,0.0683f,0.1417f,0.0789f,0.0965f,0.9743f,0.2036f,0.4979f,-0.1242f,0.2147f,-0.9688f,0.2274f,0f,0f,0f,1f],start_interpolation: 0,interpolation_duration: 1}
$data merge entity $(bone_ear_right) {transformation: [-0.9876f,-0.0683f,-0.1417f,-0.0789f,-0.0965f,0.9743f,0.2036f,0.4979f,0.1242f,0.2147f,-0.9688f,0.2274f,0f,0f,0f,1f],start_interpolation: 0,interpolation_duration: 1}
$data merge entity $(bone_head) {transformation: [-1f,0f,0f,0f,0f,0.9808f,0.1951f,0.3895f,0f,0.1951f,-0.9808f,0.2025f,0f,0f,0f,1f],start_interpolation: 0,interpolation_duration: 1}
$data merge entity $(bone_bone) {transformation: [-1f,0f,0f,0f,0f,1f,0f,0.1325f,0f,0f,-1f,-0.075f,0f,0f,0f,1f],start_interpolation: 0,interpolation_duration: 1}
$data merge entity $(bone_tail) {transformation: [-1f,0f,0f,0f,0f,1f,0f,0.3707f,0f,0f,-1f,-0.2179f,0f,0f,0f,1f],start_interpolation: 0,interpolation_duration: 1}
$data merge entity $(bone_body) {transformation: [-1f,0f,0f,0f,0f,1f,0f,0.2563f,0f,0f,-1f,0f,0f,0f,0f,1f],start_interpolation: 0,interpolation_duration: 1}
$data merge entity $(bone_leg_left) {transformation: [-1f,0f,0f,0.1125f,0f,0.9659f,0.2588f,0.1331f,0f,0.2588f,-0.9659f,0.1731f,0f,0f,0f,1f],start_interpolation: 0,interpolation_duration: 1}
$data merge entity $(bone_leg_right) {transformation: [-1f,0f,0f,-0.1125f,0f,0.9659f,-0.2588f,0.1706f,0f,-0.2588f,-0.9659f,0.19f,0f,0f,0f,1f],start_interpolation: 0,interpolation_duration: 1}
$data merge entity $(bone_leg2_left) {transformation: [-1f,0f,0f,0.1125f,0f,0.9961f,0.0884f,0.1781f,0f,0.0884f,-0.9961f,-0.175f,0f,0f,0f,1f],start_interpolation: 0,interpolation_duration: 1}
$data merge entity $(bone_leg2_right) {transformation: [-1f,0f,0f,-0.1125f,0f,0.9998f,-0.0176f,0.1531f,0f,-0.0176f,-0.9998f,-0.1113f,0f,0f,0f,1f],start_interpolation: 0,interpolation_duration: 1}